b(CO,H2,H) (km/s)    =   3.00 11.22 15.87
Tex(CO,H2) (K)       =   5.00 11.18
[12C]/[13C]          =  69
[16O]/[18O]          = 557
[18O]/[17O]          =   3.6
n[N(12CO)]           =  47
n[N(H2)]             =  42

CO shielding rates     (for parameters/values rows & columns: check legend file)
 1.000E+00 1.000E+00 9.999E-01 9.999E-01 9.999E-01 9.998E-01 9.996E-01 9.994E-01 9.991E-01 9.985E-01 9.976E-01 9.962E-01 9.941E-01 9.906E-01 9.852E-01 9.768E-01 9.639E-01 9.442E-01 9.150E-01 8.732E-01 8.163E-01 7.443E-01 6.607E-01 5.716E-01 4.817E-01 3.930E-01 3.079E-01 2.305E-01 1.655E-01 1.159E-01 8.091E-02 5.733E-02 4.152E-02 3.068E-02 2.297E-02 1.735E-02 1.321E-02 1.011E-02 7.737E-03 5.893E-03 4.451E-03 3.322E-03 2.434E-03 1.735E-03 1.196E-03 7.960E-04 5.193E-04
 8.524E-01 8.524E-01 8.524E-01 8.523E-01 8.523E-01 8.522E-01 8.521E-01 8.519E-01 8.515E-01 8.510E-01 8.502E-01 8.489E-01 8.468E-01 8.436E-01 8.385E-01 8.305E-01 8.183E-01 7.998E-01 7.724E-01 7.333E-01 6.807E-01 6.149E-01 5.403E-01 4.634E-01 3.890E-01 3.181E-01 2.515E-01 1.910E-01 1.396E-01 9.936E-02 7.041E-02 5.052E-02 3.695E-02 2.750E-02 2.069E-02 1.571E-02 1.203E-02 9.253E-03 7.104E-03 5.417E-03 4.097E-03 3.068E-03 2.263E-03 1.627E-03 1.132E-03 7.611E-04 5.008E-04
 8.492E-01 8.491E-01 8.491E-01 8.491E-01 8.490E-01 8.489E-01 8.488E-01 8.486E-01 8.483E-01 8.478E-01 8.469E-01 8.456E-01 8.436E-01 8.403E-01 8.352E-01 8.273E-01 8.151E-01 7.966E-01 7.692E-01 7.301E-01 6.775E-01 6.119E-01 5.373E-01 4.606E-01 3.864E-01 3.158E-01 2.496E-01 1.896E-01 1.386E-01 9.882E-02 7.013E-02 5.039E-02 3.688E-02 2.745E-02 2.066E-02 1.569E-02 1.201E-02 9.239E-03 7.092E-03 5.407E-03 4.088E-03 3.062E-03 2.258E-03 1.623E-03 1.129E-03 7.594E-04 4.997E-04
 8.463E-01 8.462E-01 8.462E-01 8.462E-01 8.461E-01 8.461E-01 8.459E-01 8.457E-01 8.454E-01 8.449E-01 8.440E-01 8.427E-01 8.407E-01 8.374E-01 8.323E-01 8.244E-01 8.122E-01 7.937E-01 7.663E-01 7.273E-01 6.747E-01 6.091E-01 5.347E-01 4.581E-01 3.840E-01 3.137E-01 2.478E-01 1.883E-01 1.377E-01 9.827E-02 6.983E-02 5.023E-02 3.679E-02 2.739E-02 2.063E-02 1.566E-02 1.199E-02 9.225E-03 7.082E-03 5.398E-03 4.081E-03 3.056E-03 2.253E-03 1.620E-03 1.127E-03 7.579E-04 4.988E-04
 8.438E-01 8.438E-01 8.438E-01 8.437E-01 8.437E-01 8.436E-01 8.435E-01 8.433E-01 8.429E-01 8.424E-01 8.416E-01 8.403E-01 8.382E-01 8.350E-01 8.299E-01 8.220E-01 8.098E-01 7.913E-01 7.639E-01 7.249E-01 6.724E-01 6.068E-01 5.324E-01 4.559E-01 3.820E-01 3.119E-01 2.463E-01 1.870E-01 1.368E-01 9.771E-02 6.951E-02 5.005E-02 3.669E-02 2.733E-02 2.059E-02 1.564E-02 1.198E-02 9.213E-03 7.072E-03 5.391E-03 4.075E-03 3.050E-03 2.249E-03 1.617E-03 1.125E-03 7.566E-04 4.980E-04
 8.417E-01 8.417E-01 8.417E-01 8.416E-01 8.416E-01 8.415E-01 8.414E-01 8.412E-01 8.408E-01 8.403E-01 8.395E-01 8.382E-01 8.361E-01 8.329E-01 8.278E-01 8.199E-01 8.077E-01 7.892E-01 7.618E-01 7.228E-01 6.703E-01 6.048E-01 5.304E-01 4.540E-01 3.802E-01 3.103E-01 2.449E-01 1.859E-01 1.360E-01 9.715E-02 6.917E-02 4.986E-02 3.657E-02 2.727E-02 2.055E-02 1.562E-02 1.196E-02 9.201E-03 7.063E-03 5.384E-03 4.069E-03 3.046E-03 2.245E-03 1.614E-03 1.123E-03 7.554E-04 4.973E-04
 8.398E-01 8.398E-01 8.398E-01 8.397E-01 8.397E-01 8.396E-01 8.395E-01 8.392E-01 8.389E-01 8.384E-01 8.376E-01 8.363E-01 8.342E-01 8.310E-01 8.259E-01 8.180E-01 8.058E-01 7.873E-01 7.599E-01 7.210E-01 6.684E-01 6.029E-01 5.286E-01 4.523E-01 3.786E-01 3.087E-01 2.435E-01 1.848E-01 1.352E-01 9.658E-02 6.882E-02 4.965E-02 3.645E-02 2.720E-02 2.051E-02 1.559E-02 1.194E-02 9.190E-03 7.055E-03 5.377E-03 4.064E-03 3.042E-03 2.242E-03 1.612E-03 1.121E-03 7.544E-04 4.967E-04
 8.329E-01 8.329E-01 8.329E-01 8.328E-01 8.328E-01 8.327E-01 8.326E-01 8.323E-01 8.320E-01 8.315E-01 8.307E-01 8.294E-01 8.273E-01 8.241E-01 8.190E-01 8.111E-01 7.989E-01 7.804E-01 7.531E-01 7.141E-01 6.617E-01 5.962E-01 5.221E-01 4.459E-01 3.725E-01 3.031E-01 2.384E-01 1.803E-01 1.314E-01 9.352E-02 6.631E-02 4.754E-02 3.465E-02 2.566E-02 1.923E-02 1.456E-02 1.114E-02 8.584E-03 6.600E-03 5.035E-03 3.807E-03 2.849E-03 2.099E-03 1.508E-03 1.049E-03 7.057E-04 4.654E-04
 8.305E-01 8.305E-01 8.304E-01 8.304E-01 8.304E-01 8.303E-01 8.301E-01 8.299E-01 8.296E-01 8.291E-01 8.283E-01 8.270E-01 8.249E-01 8.217E-01 8.166E-01 8.087E-01 7.965E-01 7.780E-01 7.507E-01 7.118E-01 6.593E-01 5.939E-01 5.198E-01 4.437E-01 3.704E-01 3.012E-01 2.367E-01 1.789E-01 1.303E-01 9.279E-02 6.586E-02 4.728E-02 3.451E-02 2.558E-02 1.918E-02 1.453E-02 1.113E-02 8.574E-03 6.593E-03 5.029E-03 3.801E-03 2.845E-03 2.095E-03 1.505E-03 1.047E-03 7.044E-04 4.647E-04
 8.284E-01 8.284E-01 8.284E-01 8.283E-01 8.283E-01 8.282E-01 8.281E-01 8.279E-01 8.275E-01 8.270E-01 8.262E-01 8.249E-01 8.228E-01 8.196E-01 8.145E-01 8.066E-01 7.944E-01 7.760E-01 7.486E-01 7.097E-01 6.573E-01 5.919E-01 5.179E-01 4.419E-01 3.686E-01 2.995E-01 2.353E-01 1.778E-01 1.295E-01 9.220E-02 6.549E-02 4.707E-02 3.439E-02 2.552E-02 1.915E-02 1.451E-02 1.111E-02 8.565E-03 6.586E-03 5.023E-03 3.797E-03 2.841E-03 2.092E-03 1.503E-03 1.045E-03 7.034E-04 4.640E-04
 8.265E-01 8.265E-01 8.265E-01 8.265E-01 8.264E-01 8.263E-01 8.262E-01 8.260E-01 8.256E-01 8.251E-01 8.243E-01 8.230E-01 8.209E-01 8.177E-01 8.126E-01 8.047E-01 7.925E-01 7.741E-01 7.468E-01 7.079E-01 6.555E-01 5.901E-01 5.161E-01 4.402E-01 3.671E-01 2.981E-01 2.340E-01 1.767E-01 1.287E-01 9.167E-02 6.517E-02 4.689E-02 3.430E-02 2.546E-02 1.912E-02 1.449E-02 1.110E-02 8.556E-03 6.579E-03 5.018E-03 3.792E-03 2.837E-03 2.089E-03 1.501E-03 1.043E-03 7.024E-04 4.634E-04
 8.248E-01 8.247E-01 8.247E-01 8.247E-01 8.246E-01 8.245E-01 8.244E-01 8.242E-01 8.239E-01 8.233E-01 8.225E-01 8.212E-01 8.191E-01 8.159E-01 8.108E-01 8.029E-01 7.908E-01 7.723E-01 7.450E-01 7.061E-01 6.537E-01 5.884E-01 5.145E-01 4.386E-01 3.655E-01 2.967E-01 2.328E-01 1.758E-01 1.280E-01 9.117E-02 6.486E-02 4.672E-02 3.420E-02 2.541E-02 1.908E-02 1.447E-02 1.109E-02 8.547E-03 6.573E-03 5.013E-03 3.788E-03 2.833E-03 2.086E-03 1.499E-03 1.042E-03 7.015E-04 4.628E-04
 8.230E-01 8.230E-01 8.229E-01 8.229E-01 8.229E-01 8.228E-01 8.226E-01 8.224E-01 8.221E-01 8.216E-01 8.208E-01 8.195E-01 8.174E-01 8.142E-01 8.091E-01 8.012E-01 7.890E-01 7.706E-01 7.433E-01 7.044E-01 6.521E-01 5.868E-01 5.129E-01 4.370E-01 3.641E-01 2.954E-01 2.317E-01 1.748E-01 1.272E-01 9.066E-02 6.454E-02 4.654E-02 3.410E-02 2.535E-02 1.905E-02 1.445E-02 1.107E-02 8.537E-03 6.566E-03 5.007E-03 3.783E-03 2.830E-03 2.083E-03 1.496E-03 1.041E-03 7.006E-04 4.622E-04
 8.212E-01 8.212E-01 8.211E-01 8.211E-01 8.211E-01 8.210E-01 8.208E-01 8.206E-01 8.203E-01 8.198E-01 8.190E-01 8.177E-01 8.156E-01 8.124E-01 8.073E-01 7.994E-01 7.872E-01 7.688E-01 7.415E-01 7.027E-01 6.503E-01 5.851E-01 5.112E-01 4.354E-01 3.626E-01 2.940E-01 2.305E-01 1.738E-01 1.265E-01 9.011E-02 6.419E-02 4.633E-02 3.399E-02 2.529E-02 1.901E-02 1.442E-02 1.105E-02 8.525E-03 6.557E-03 5.001E-03 3.778E-03 2.826E-03 2.080E-03 1.494E-03 1.039E-03 6.996E-04 4.616E-04
 8.192E-01 8.192E-01 8.192E-01 8.191E-01 8.191E-01 8.190E-01 8.189E-01 8.187E-01 8.183E-01 8.178E-01 8.170E-01 8.157E-01 8.136E-01 8.104E-01 8.053E-01 7.974E-01 7.853E-01 7.668E-01 7.396E-01 7.007E-01 6.484E-01 5.832E-01 5.094E-01 4.337E-01 3.610E-01 2.926E-01 2.292E-01 1.728E-01 1.256E-01 8.952E-02 6.380E-02 4.609E-02 3.385E-02 2.521E-02 1.896E-02 1.439E-02 1.103E-02 8.510E-03 6.547E-03 4.993E-03 3.772E-03 2.821E-03 2.077E-03 1.491E-03 1.037E-03 6.984E-04 4.609E-04
 8.170E-01 8.169E-01 8.169E-01 8.169E-01 8.168E-01 8.167E-01 8.166E-01 8.164E-01 8.161E-01 8.155E-01 8.147E-01 8.134E-01 8.114E-01 8.081E-01 8.031E-01 7.952E-01 7.830E-01 7.646E-01 7.373E-01 6.985E-01 6.463E-01 5.811E-01 5.074E-01 4.318E-01 3.592E-01 2.909E-01 2.278E-01 1.716E-01 1.247E-01 8.884E-02 6.333E-02 4.579E-02 3.367E-02 2.510E-02 1.890E-02 1.435E-02 1.101E-02 8.492E-03 6.534E-03 4.983E-03 3.765E-03 2.815E-03 2.072E-03 1.488E-03 1.035E-03 6.970E-04 4.600E-04
 8.143E-01 8.143E-01 8.143E-01 8.142E-01 8.142E-01 8.141E-01 8.140E-01 8.138E-01 8.134E-01 8.129E-01 8.121E-01 8.108E-01 8.087E-01 8.055E-01 8.004E-01 7.926E-01 7.804E-01 7.620E-01 7.348E-01 6.960E-01 6.438E-01 5.787E-01 5.051E-01 4.296E-01 3.571E-01 2.891E-01 2.262E-01 1.702E-01 1.237E-01 8.804E-02 6.276E-02 4.541E-02 3.343E-02 2.496E-02 1.881E-02 1.429E-02 1.097E-02 8.467E-03 6.516E-03 4.970E-03 3.755E-03 2.808E-03 2.067E-03 1.484E-03 1.032E-03 6.953E-04 4.589E-04
 8.113E-01 8.112E-01 8.112E-01 8.112E-01 8.111E-01 8.111E-01 8.109E-01 8.107E-01 8.104E-01 8.099E-01 8.091E-01 8.077E-01 8.057E-01 8.025E-01 7.974E-01 7.895E-01 7.774E-01 7.590E-01 7.318E-01 6.931E-01 6.410E-01 5.760E-01 5.024E-01 4.271E-01 3.548E-01 2.870E-01 2.244E-01 1.687E-01 1.224E-01 8.711E-02 6.207E-02 4.492E-02 3.311E-02 2.476E-02 1.869E-02 1.422E-02 1.092E-02 8.432E-03 6.491E-03 4.952E-03 3.741E-03 2.797E-03 2.059E-03 1.479E-03 1.029E-03 6.929E-04 4.574E-04
 8.078E-01 8.077E-01 8.077E-01 8.077E-01 8.076E-01 8.076E-01 8.074E-01 8.072E-01 8.069E-01 8.064E-01 8.056E-01 8.043E-01 8.022E-01 7.990E-01 7.939E-01 7.861E-01 7.740E-01 7.556E-01 7.285E-01 6.898E-01 6.378E-01 5.729E-01 4.995E-01 4.243E-01 3.523E-01 2.846E-01 2.223E-01 1.670E-01 1.210E-01 8.600E-02 6.123E-02 4.432E-02 3.270E-02 2.450E-02 1.852E-02 1.411E-02 1.085E-02 8.381E-03 6.455E-03 4.926E-03 3.722E-03 2.783E-03 2.049E-03 1.472E-03 1.024E-03 6.898E-04 4.553E-04
 8.037E-01 8.037E-01 8.037E-01 8.036E-01 8.036E-01 8.035E-01 8.034E-01 8.032E-01 8.028E-01 8.023E-01 8.015E-01 8.002E-01 7.982E-01 7.949E-01 7.899E-01 7.821E-01 7.700E-01 7.517E-01 7.246E-01 6.860E-01 6.341E-01 5.694E-01 4.962E-01 4.212E-01 3.494E-01 2.820E-01 2.200E-01 1.650E-01 1.194E-01 8.472E-02 6.025E-02 4.358E-02 3.217E-02 2.414E-02 1.829E-02 1.396E-02 1.074E-02 8.309E-03 6.403E-03 4.888E-03 3.694E-03 2.763E-03 2.034E-03 1.462E-03 1.017E-03 6.853E-04 4.524E-04
 7.989E-01 7.988E-01 7.988E-01 7.988E-01 7.987E-01 7.987E-01 7.985E-01 7.983E-01 7.980E-01 7.975E-01 7.967E-01 7.954E-01 7.933E-01 7.901E-01 7.851E-01 7.773E-01 7.653E-01 7.470E-01 7.200E-01 6.816E-01 6.298E-01 5.654E-01 4.924E-01 4.177E-01 3.462E-01 2.791E-01 2.174E-01 1.628E-01 1.176E-01 8.327E-02 5.911E-02 4.271E-02 3.153E-02 2.368E-02 1.797E-02 1.374E-02 1.059E-02 8.204E-03 6.329E-03 4.835E-03 3.656E-03 2.735E-03 2.014E-03 1.447E-03 1.008E-03 6.791E-04 4.483E-04
 7.928E-01 7.928E-01 7.928E-01 7.927E-01 7.927E-01 7.926E-01 7.925E-01 7.923E-01 7.919E-01 7.914E-01 7.906E-01 7.893E-01 7.873E-01 7.841E-01 7.791E-01 7.714E-01 7.594E-01 7.412E-01 7.144E-01 6.762E-01 6.247E-01 5.606E-01 4.880E-01 4.137E-01 3.425E-01 2.758E-01 2.145E-01 1.603E-01 1.156E-01 8.165E-02 5.784E-02 4.172E-02 3.077E-02 2.313E-02 1.757E-02 1.345E-02 1.039E-02 8.058E-03 6.224E-03 4.759E-03 3.601E-03 2.696E-03 1.986E-03 1.428E-03 9.946E-04 6.704E-04 4.426E-04
 7.849E-01 7.848E-01 7.848E-01 7.848E-01 7.847E-01 7.847E-01 7.845E-01 7.843E-01 7.840E-01 7.835E-01 7.827E-01 7.814E-01 7.794E-01 7.763E-01 7.713E-01 7.636E-01 7.517E-01 7.337E-01 7.071E-01 6.692E-01 6.182E-01 5.545E-01 4.825E-01 4.088E-01 3.381E-01 2.719E-01 2.111E-01 1.575E-01 1.133E-01 7.984E-02 5.642E-02 4.060E-02 2.991E-02 2.246E-02 1.707E-02 1.308E-02 1.012E-02 7.858E-03 6.079E-03 4.655E-03 3.527E-03 2.642E-03 1.948E-03 1.402E-03 9.767E-04 6.586E-04 4.348E-04
 7.739E-01 7.739E-01 7.739E-01 7.739E-01 7.738E-01 7.737E-01 7.736E-01 7.734E-01 7.731E-01 7.726E-01 7.718E-01 7.705E-01 7.685E-01 7.654E-01 7.605E-01 7.529E-01 7.412E-01 7.235E-01 6.972E-01 6.598E-01 6.094E-01 5.465E-01 4.754E-01 4.025E-01 3.326E-01 2.671E-01 2.070E-01 1.541E-01 1.106E-01 7.773E-02 5.479E-02 3.934E-02 2.892E-02 2.169E-02 1.647E-02 1.262E-02 9.765E-03 7.596E-03 5.887E-03 4.516E-03 3.426E-03 2.570E-03 1.897E-03 1.366E-03 9.529E-04 6.427E-04 4.244E-04
 7.584E-01 7.584E-01 7.583E-01 7.583E-01 7.583E-01 7.582E-01 7.581E-01 7.579E-01 7.575E-01 7.571E-01 7.563E-01 7.551E-01 7.531E-01 7.501E-01 7.453E-01 7.378E-01 7.264E-01 7.090E-01 6.832E-01 6.466E-01 5.972E-01 5.356E-01 4.657E-01 3.941E-01 3.253E-01 2.609E-01 2.018E-01 1.499E-01 1.072E-01 7.518E-02 5.285E-02 3.787E-02 2.778E-02 2.080E-02 1.577E-02 1.207E-02 9.338E-03 7.268E-03 5.640E-03 4.335E-03 3.296E-03 2.477E-03 1.831E-03 1.321E-03 9.215E-04 6.218E-04 4.108E-04
 7.360E-01 7.359E-01 7.359E-01 7.359E-01 7.358E-01 7.357E-01 7.356E-01 7.354E-01 7.351E-01 7.347E-01 7.339E-01 7.327E-01 7.308E-01 7.279E-01 7.233E-01 7.161E-01 7.050E-01 6.881E-01 6.632E-01 6.277E-01 5.799E-01 5.201E-01 4.523E-01 3.826E-01 3.155E-01 2.527E-01 1.950E-01 1.444E-01 1.031E-01 7.205E-02 5.053E-02 3.613E-02 2.647E-02 1.978E-02 1.497E-02 1.144E-02 8.838E-03 6.877E-03 5.340E-03 4.110E-03 3.131E-03 2.359E-03 1.747E-03 1.262E-03 8.812E-04 5.950E-04 3.934E-04
 7.037E-01 7.037E-01 7.037E-01 7.037E-01 7.036E-01 7.035E-01 7.034E-01 7.032E-01 7.030E-01 7.025E-01 7.018E-01 7.007E-01 6.989E-01 6.961E-01 6.917E-01 6.848E-01 6.743E-01 6.583E-01 6.347E-01 6.009E-01 5.554E-01 4.984E-01 4.336E-01 3.668E-01 3.023E-01 2.417E-01 1.861E-01 1.375E-01 9.780E-02 6.821E-02 4.776E-02 3.410E-02 2.495E-02 1.862E-02 1.407E-02 1.073E-02 8.272E-03 6.428E-03 4.990E-03 3.843E-03 2.932E-03 2.212E-03 1.642E-03 1.187E-03 8.305E-04 5.613E-04 3.716E-04
 6.585E-01 6.584E-01 6.584E-01 6.584E-01 6.583E-01 6.583E-01 6.582E-01 6.580E-01 6.577E-01 6.573E-01 6.567E-01 6.556E-01 6.540E-01 6.514E-01 6.473E-01 6.410E-01 6.313E-01 6.166E-01 5.947E-01 5.636E-01 5.214E-01 4.686E-01 4.082E-01 3.456E-01 2.848E-01 2.274E-01 1.747E-01 1.287E-01 9.135E-02 6.362E-02 4.450E-02 3.176E-02 2.322E-02 1.731E-02 1.305E-02 9.928E-03 7.639E-03 5.925E-03 4.592E-03 3.534E-03 2.696E-03 2.036E-03 1.513E-03 1.096E-03 7.677E-04 5.198E-04 3.449E-04
 5.970E-01 5.970E-01 5.969E-01 5.969E-01 5.969E-01 5.968E-01 5.967E-01 5.966E-01 5.964E-01 5.960E-01 5.954E-01 5.945E-01 5.930E-01 5.908E-01 5.872E-01 5.817E-01 5.731E-01 5.601E-01 5.408E-01 5.132E-01 4.759E-01 4.288E-01 3.747E-01 3.180E-01 2.623E-01 2.094E-01 1.606E-01 1.181E-01 8.365E-02 5.821E-02 4.073E-02 2.906E-02 2.123E-02 1.580E-02 1.189E-02 9.028E-03 6.930E-03 5.363E-03 4.147E-03 3.184E-03 2.424E-03 1.830E-03 1.360E-03 9.864E-04 6.921E-04 4.697E-04 3.127E-04
 5.175E-01 5.175E-01 5.175E-01 5.175E-01 5.174E-01 5.174E-01 5.173E-01 5.172E-01 5.170E-01 5.167E-01 5.162E-01 5.155E-01 5.143E-01 5.124E-01 5.095E-01 5.049E-01 4.979E-01 4.872E-01 4.713E-01 4.485E-01 4.174E-01 3.780E-01 3.321E-01 2.832E-01 2.344E-01 1.873E-01 1.436E-01 1.054E-01 7.462E-02 5.194E-02 3.636E-02 2.595E-02 1.894E-02 1.408E-02 1.057E-02 8.006E-03 6.132E-03 4.734E-03 3.651E-03 2.793E-03 2.119E-03 1.595E-03 1.184E-03 8.591E-04 6.039E-04 4.110E-04 2.749E-04
 4.218E-01 4.217E-01 4.217E-01 4.217E-01 4.217E-01 4.217E-01 4.216E-01 4.215E-01 4.214E-01 4.212E-01 4.208E-01 4.202E-01 4.194E-01 4.180E-01 4.158E-01 4.124E-01 4.072E-01 3.992E-01 3.874E-01 3.702E-01 3.467E-01 3.165E-01 2.806E-01 2.413E-01 2.009E-01 1.610E-01 1.236E-01 9.068E-02 6.419E-02 4.471E-02 3.134E-02 2.236E-02 1.630E-02 1.209E-02 9.054E-03 6.847E-03 5.236E-03 4.033E-03 3.100E-03 2.362E-03 1.784E-03 1.337E-03 9.902E-04 7.179E-04 5.051E-04 3.447E-04 2.318E-04
 3.176E-01 3.176E-01 3.176E-01 3.176E-01 3.176E-01 3.176E-01 3.175E-01 3.175E-01 3.174E-01 3.172E-01 3.170E-01 3.166E-01 3.161E-01 3.152E-01 3.138E-01 3.116E-01 3.082E-01 3.031E-01 2.953E-01 2.841E-01 2.684E-01 2.477E-01 2.224E-01 1.935E-01 1.625E-01 1.309E-01 1.007E-01 7.403E-02 5.245E-02 3.660E-02 2.569E-02 1.833E-02 1.333E-02 9.854E-03 7.367E-03 5.566E-03 4.252E-03 3.268E-03 2.504E-03 1.900E-03 1.429E-03 1.066E-03 7.873E-04 5.695E-04 4.001E-04 2.734E-04 1.850E-04
 2.183E-01 2.183E-01 2.183E-01 2.183E-01 2.183E-01 2.183E-01 2.182E-01 2.182E-01 2.182E-01 2.181E-01 2.180E-01 2.178E-01 2.175E-01 2.170E-01 2.162E-01 2.150E-01 2.132E-01 2.103E-01 2.060E-01 1.996E-01 1.905E-01 1.781E-01 1.622E-01 1.430E-01 1.213E-01 9.839E-02 7.601E-02 5.601E-02 3.981E-02 2.788E-02 1.962E-02 1.400E-02 1.016E-02 7.482E-03 5.582E-03 4.216E-03 3.221E-03 2.472E-03 1.888E-03 1.428E-03 1.071E-03 7.971E-04 5.869E-04 4.230E-04 2.960E-04 2.018E-04 1.373E-04
 1.358E-01 1.358E-01 1.358E-01 1.358E-01 1.358E-01 1.358E-01 1.358E-01 1.358E-01 1.358E-01 1.357E-01 1.357E-01 1.356E-01 1.354E-01 1.352E-01 1.348E-01 1.343E-01 1.334E-01 1.320E-01 1.298E-01 1.266E-01 1.219E-01 1.152E-01 1.061E-01 9.455E-02 8.089E-02 6.600E-02 5.122E-02 3.793E-02 2.714E-02 1.914E-02 1.355E-02 9.682E-03 7.005E-03 5.139E-03 3.827E-03 2.893E-03 2.212E-03 1.698E-03 1.296E-03 9.796E-04 7.341E-04 5.465E-04 4.020E-04 2.886E-04 2.006E-04 1.361E-04 9.293E-05
 7.425E-02 7.425E-02 7.425E-02 7.425E-02 7.425E-02 7.425E-02 7.424E-02 7.423E-02 7.422E-02 7.421E-02 7.418E-02 7.414E-02 7.407E-02 7.396E-02 7.379E-02 7.352E-02 7.310E-02 7.245E-02 7.143E-02 6.988E-02 6.756E-02 6.419E-02 5.950E-02 5.334E-02 4.586E-02 3.759E-02 2.934E-02 2.192E-02 1.588E-02 1.134E-02 8.094E-03 5.799E-03 4.185E-03 3.058E-03 2.273E-03 1.721E-03 1.320E-03 1.017E-03 7.785E-04 5.905E-04 4.444E-04 3.323E-04 2.449E-04 1.755E-04 1.213E-04 8.183E-05 5.618E-05
 3.308E-02 3.308E-02 3.308E-02 3.308E-02 3.308E-02 3.308E-02 3.308E-02 3.307E-02 3.307E-02 3.306E-02 3.305E-02 3.303E-02 3.300E-02 3.296E-02 3.289E-02 3.277E-02 3.259E-02 3.231E-02 3.188E-02 3.121E-02 3.020E-02 2.874E-02 2.668E-02 2.397E-02 2.066E-02 1.701E-02 1.339E-02 1.016E-02 7.516E-03 5.475E-03 3.952E-03 2.837E-03 2.040E-03 1.483E-03 1.100E-03 8.340E-04 6.431E-04 4.989E-04 3.855E-04 2.955E-04 2.248E-04 1.697E-04 1.261E-04 9.071E-05 6.278E-05 4.257E-05 2.971E-05
 1.083E-02 1.083E-02 1.083E-02 1.083E-02 1.083E-02 1.083E-02 1.083E-02 1.083E-02 1.083E-02 1.082E-02 1.082E-02 1.081E-02 1.081E-02 1.079E-02 1.077E-02 1.073E-02 1.067E-02 1.058E-02 1.044E-02 1.022E-02 9.891E-03 9.413E-03 8.745E-03 7.868E-03 6.808E-03 5.654E-03 4.528E-03 3.530E-03 2.696E-03 2.014E-03 1.470E-03 1.054E-03 7.520E-04 5.429E-04 4.005E-04 3.034E-04 2.353E-04 1.847E-04 1.452E-04 1.135E-04 8.812E-05 6.789E-05 5.142E-05 3.775E-05 2.676E-05 1.879E-05 1.378E-05
 2.300E-03 2.300E-03 2.300E-03 2.300E-03 2.300E-03 2.300E-03 2.299E-03 2.299E-03 2.299E-03 2.299E-03 2.298E-03 2.297E-03 2.295E-03 2.292E-03 2.287E-03 2.279E-03 2.268E-03 2.249E-03 2.221E-03 2.177E-03 2.112E-03 2.017E-03 1.885E-03 1.712E-03 1.505E-03 1.281E-03 1.063E-03 8.645E-04 6.873E-04 5.271E-04 3.872E-04 2.752E-04 1.938E-04 1.383E-04 1.010E-04 7.615E-05 5.937E-05 4.752E-05 3.849E-05 3.122E-05 2.529E-05 2.038E-05 1.621E-05 1.263E-05 9.670E-06 7.481E-06 6.098E-06
 2.872E-04 2.872E-04 2.872E-04 2.872E-04 2.872E-04 2.872E-04 2.872E-04 2.872E-04 2.872E-04 2.871E-04 2.871E-04 2.870E-04 2.868E-04 2.865E-04 2.861E-04 2.854E-04 2.843E-04 2.826E-04 2.800E-04 2.760E-04 2.701E-04 2.613E-04 2.490E-04 2.329E-04 2.131E-04 1.909E-04 1.675E-04 1.435E-04 1.185E-04 9.277E-05 6.846E-05 4.839E-05 3.388E-05 2.417E-05 1.778E-05 1.356E-05 1.085E-05 9.092E-06 7.839E-06 6.852E-06 6.032E-06 5.319E-06 4.679E-06 4.101E-06 3.606E-06 3.226E-06 2.976E-06
 2.213E-05 2.213E-05 2.213E-05 2.213E-05 2.213E-05 2.213E-05 2.213E-05 2.213E-05 2.212E-05 2.212E-05 2.212E-05 2.212E-05 2.211E-05 2.210E-05 2.209E-05 2.207E-05 2.203E-05 2.197E-05 2.189E-05 2.175E-05 2.155E-05 2.124E-05 2.080E-05 2.017E-05 1.931E-05 1.820E-05 1.677E-05 1.498E-05 1.281E-05 1.038E-05 7.992E-06 5.990E-06 4.542E-06 3.584E-06 2.956E-06 2.540E-06 2.277E-06 2.118E-06 2.013E-06 1.934E-06 1.869E-06 1.810E-06 1.755E-06 1.704E-06 1.658E-06 1.621E-06 1.594E-06
 1.528E-06 1.528E-06 1.528E-06 1.528E-06 1.528E-06 1.528E-06 1.528E-06 1.528E-06 1.528E-06 1.528E-06 1.528E-06 1.527E-06 1.527E-06 1.527E-06 1.527E-06 1.527E-06 1.526E-06 1.525E-06 1.523E-06 1.521E-06 1.517E-06 1.511E-06 1.502E-06 1.488E-06 1.467E-06 1.436E-06 1.391E-06 1.330E-06 1.253E-06 1.164E-06 1.077E-06 1.002E-06 9.479E-07 9.119E-07 8.883E-07 8.723E-07 8.621E-07 8.560E-07 8.522E-07 8.494E-07 8.470E-07 8.449E-07 8.428E-07 8.407E-07 8.386E-07 8.366E-07 8.345E-07
 3.931E-07 3.931E-07 3.931E-07 3.931E-07 3.931E-07 3.931E-07 3.931E-07 3.931E-07 3.931E-07 3.931E-07 3.931E-07 3.931E-07 3.931E-07 3.931E-07 3.931E-07 3.931E-07 3.931E-07 3.931E-07 3.931E-07 3.931E-07 3.930E-07 3.930E-07 3.929E-07 3.929E-07 3.927E-07 3.925E-07 3.922E-07 3.918E-07 3.913E-07 3.907E-07 3.901E-07 3.896E-07 3.892E-07 3.890E-07 3.888E-07 3.887E-07 3.886E-07 3.885E-07 3.885E-07 3.885E-07 3.884E-07 3.883E-07 3.882E-07 3.881E-07 3.878E-07 3.875E-07 3.869E-07
