b(CO,H2,H) (km/s)    =   3.00 11.22 15.87
Tex(CO,H2) (K)       =  20.00 89.44
[12C]/[13C]          =  69
[16O]/[18O]          = 557
[18O]/[17O]          =   3.6
n[N(12CO)]           =  47
n[N(H2)]             =  42

CO shielding rates     (for parameters/values rows & columns: check legend file)
 1.000E+00 1.000E+00 1.000E+00 9.999E-01 9.999E-01 9.998E-01 9.998E-01 9.996E-01 9.994E-01 9.990E-01 9.984E-01 9.975E-01 9.961E-01 9.938E-01 9.903E-01 9.848E-01 9.762E-01 9.632E-01 9.437E-01 9.157E-01 8.769E-01 8.266E-01 7.652E-01 6.945E-01 6.152E-01 5.279E-01 4.357E-01 3.434E-01 2.575E-01 1.840E-01 1.267E-01 8.551E-02 5.764E-02 3.923E-02 2.717E-02 1.922E-02 1.387E-02 1.017E-02 7.539E-03 5.625E-03 4.199E-03 3.119E-03 2.283E-03 1.629E-03 1.124E-03 7.514E-04 4.947E-04
 8.591E-01 8.591E-01 8.591E-01 8.591E-01 8.590E-01 8.590E-01 8.589E-01 8.588E-01 8.585E-01 8.582E-01 8.576E-01 8.568E-01 8.554E-01 8.532E-01 8.498E-01 8.445E-01 8.363E-01 8.239E-01 8.053E-01 7.787E-01 7.421E-01 6.951E-01 6.388E-01 5.755E-01 5.067E-01 4.334E-01 3.581E-01 2.843E-01 2.157E-01 1.561E-01 1.089E-01 7.444E-02 5.079E-02 3.496E-02 2.446E-02 1.745E-02 1.266E-02 9.299E-03 6.895E-03 5.139E-03 3.838E-03 2.862E-03 2.112E-03 1.523E-03 1.062E-03 7.180E-04 4.767E-04
 8.539E-01 8.538E-01 8.538E-01 8.538E-01 8.538E-01 8.537E-01 8.536E-01 8.535E-01 8.533E-01 8.529E-01 8.524E-01 8.515E-01 8.501E-01 8.479E-01 8.445E-01 8.392E-01 8.311E-01 8.186E-01 8.001E-01 7.734E-01 7.369E-01 6.899E-01 6.338E-01 5.706E-01 5.020E-01 4.290E-01 3.541E-01 2.809E-01 2.130E-01 1.542E-01 1.076E-01 7.368E-02 5.036E-02 3.473E-02 2.433E-02 1.737E-02 1.260E-02 9.251E-03 6.856E-03 5.107E-03 3.812E-03 2.842E-03 2.097E-03 1.513E-03 1.056E-03 7.140E-04 4.744E-04
 8.483E-01 8.483E-01 8.483E-01 8.482E-01 8.482E-01 8.482E-01 8.481E-01 8.479E-01 8.477E-01 8.474E-01 8.468E-01 8.459E-01 8.446E-01 8.424E-01 8.390E-01 8.337E-01 8.255E-01 8.131E-01 7.946E-01 7.680E-01 7.315E-01 6.846E-01 6.285E-01 5.655E-01 4.971E-01 4.244E-01 3.500E-01 2.773E-01 2.101E-01 1.521E-01 1.062E-01 7.286E-02 4.989E-02 3.446E-02 2.418E-02 1.727E-02 1.253E-02 9.197E-03 6.811E-03 5.070E-03 3.783E-03 2.820E-03 2.081E-03 1.502E-03 1.049E-03 7.098E-04 4.719E-04
 8.426E-01 8.426E-01 8.426E-01 8.426E-01 8.425E-01 8.425E-01 8.424E-01 8.423E-01 8.420E-01 8.417E-01 8.411E-01 8.403E-01 8.389E-01 8.367E-01 8.333E-01 8.280E-01 8.199E-01 8.074E-01 7.890E-01 7.624E-01 7.259E-01 6.791E-01 6.231E-01 5.603E-01 4.921E-01 4.197E-01 3.458E-01 2.737E-01 2.072E-01 1.500E-01 1.048E-01 7.201E-02 4.939E-02 3.418E-02 2.402E-02 1.717E-02 1.245E-02 9.137E-03 6.762E-03 5.031E-03 3.753E-03 2.798E-03 2.066E-03 1.491E-03 1.042E-03 7.056E-04 4.694E-04
 8.370E-01 8.370E-01 8.370E-01 8.369E-01 8.369E-01 8.368E-01 8.368E-01 8.366E-01 8.364E-01 8.361E-01 8.355E-01 8.346E-01 8.333E-01 8.311E-01 8.277E-01 8.224E-01 8.143E-01 8.018E-01 7.834E-01 7.568E-01 7.204E-01 6.736E-01 6.177E-01 5.551E-01 4.871E-01 4.151E-01 3.416E-01 2.702E-01 2.044E-01 1.479E-01 1.035E-01 7.115E-02 4.888E-02 3.389E-02 2.384E-02 1.705E-02 1.237E-02 9.073E-03 6.712E-03 4.991E-03 3.723E-03 2.776E-03 2.050E-03 1.481E-03 1.035E-03 7.016E-04 4.670E-04
 8.314E-01 8.314E-01 8.314E-01 8.313E-01 8.313E-01 8.312E-01 8.312E-01 8.310E-01 8.308E-01 8.305E-01 8.299E-01 8.290E-01 8.277E-01 8.255E-01 8.221E-01 8.168E-01 8.087E-01 7.963E-01 7.778E-01 7.513E-01 7.149E-01 6.682E-01 6.124E-01 5.499E-01 4.823E-01 4.105E-01 3.375E-01 2.667E-01 2.016E-01 1.459E-01 1.021E-01 7.032E-02 4.838E-02 3.359E-02 2.366E-02 1.693E-02 1.228E-02 9.007E-03 6.660E-03 4.952E-03 3.694E-03 2.756E-03 2.036E-03 1.471E-03 1.029E-03 6.978E-04 4.648E-04
 8.178E-01 8.177E-01 8.177E-01 8.177E-01 8.177E-01 8.176E-01 8.175E-01 8.174E-01 8.172E-01 8.168E-01 8.163E-01 8.154E-01 8.140E-01 8.119E-01 8.085E-01 8.032E-01 7.951E-01 7.827E-01 7.643E-01 7.378E-01 7.015E-01 6.549E-01 5.994E-01 5.372E-01 4.699E-01 3.989E-01 3.268E-01 2.572E-01 1.937E-01 1.396E-01 9.738E-02 6.683E-02 4.581E-02 3.168E-02 2.224E-02 1.588E-02 1.150E-02 8.426E-03 6.222E-03 4.619E-03 3.443E-03 2.569E-03 1.901E-03 1.374E-03 9.620E-04 6.531E-04 4.363E-04
 8.103E-01 8.102E-01 8.102E-01 8.102E-01 8.102E-01 8.101E-01 8.100E-01 8.099E-01 8.097E-01 8.093E-01 8.088E-01 8.079E-01 8.065E-01 8.044E-01 8.010E-01 7.957E-01 7.876E-01 7.752E-01 7.569E-01 7.304E-01 6.942E-01 6.478E-01 5.924E-01 5.304E-01 4.636E-01 3.930E-01 3.216E-01 2.529E-01 1.903E-01 1.372E-01 9.575E-02 6.583E-02 4.520E-02 3.130E-02 2.200E-02 1.572E-02 1.139E-02 8.337E-03 6.154E-03 4.568E-03 3.406E-03 2.543E-03 1.883E-03 1.363E-03 9.543E-04 6.483E-04 4.334E-04
 8.032E-01 8.032E-01 8.032E-01 8.032E-01 8.032E-01 8.031E-01 8.030E-01 8.029E-01 8.027E-01 8.023E-01 8.018E-01 8.009E-01 7.995E-01 7.974E-01 7.940E-01 7.887E-01 7.806E-01 7.683E-01 7.499E-01 7.236E-01 6.874E-01 6.411E-01 5.859E-01 5.242E-01 4.578E-01 3.878E-01 3.170E-01 2.491E-01 1.873E-01 1.350E-01 9.436E-02 6.497E-02 4.466E-02 3.095E-02 2.176E-02 1.555E-02 1.127E-02 8.247E-03 6.087E-03 4.519E-03 3.371E-03 2.520E-03 1.867E-03 1.352E-03 9.471E-04 6.437E-04 4.306E-04
 7.962E-01 7.961E-01 7.961E-01 7.961E-01 7.961E-01 7.960E-01 7.959E-01 7.958E-01 7.956E-01 7.952E-01 7.947E-01 7.938E-01 7.924E-01 7.903E-01 7.869E-01 7.817E-01 7.736E-01 7.613E-01 7.430E-01 7.166E-01 6.806E-01 6.345E-01 5.795E-01 5.182E-01 4.522E-01 3.827E-01 3.127E-01 2.455E-01 1.845E-01 1.331E-01 9.306E-02 6.414E-02 4.412E-02 3.058E-02 2.150E-02 1.537E-02 1.113E-02 8.150E-03 6.015E-03 4.468E-03 3.336E-03 2.496E-03 1.851E-03 1.341E-03 9.398E-04 6.391E-04 4.276E-04
 7.887E-01 7.887E-01 7.887E-01 7.886E-01 7.886E-01 7.886E-01 7.885E-01 7.883E-01 7.881E-01 7.878E-01 7.872E-01 7.864E-01 7.850E-01 7.829E-01 7.795E-01 7.743E-01 7.662E-01 7.539E-01 7.356E-01 7.094E-01 6.735E-01 6.275E-01 5.728E-01 5.119E-01 4.464E-01 3.777E-01 3.084E-01 2.420E-01 1.819E-01 1.312E-01 9.177E-02 6.329E-02 4.354E-02 3.017E-02 2.121E-02 1.516E-02 1.098E-02 8.041E-03 5.937E-03 4.413E-03 3.299E-03 2.472E-03 1.835E-03 1.330E-03 9.324E-04 6.342E-04 4.245E-04
 7.807E-01 7.807E-01 7.807E-01 7.807E-01 7.806E-01 7.806E-01 7.805E-01 7.804E-01 7.801E-01 7.798E-01 7.793E-01 7.784E-01 7.770E-01 7.749E-01 7.716E-01 7.663E-01 7.583E-01 7.460E-01 7.278E-01 7.017E-01 6.660E-01 6.202E-01 5.658E-01 5.053E-01 4.405E-01 3.725E-01 3.040E-01 2.385E-01 1.792E-01 1.292E-01 9.043E-02 6.239E-02 4.292E-02 2.972E-02 2.089E-02 1.493E-02 1.082E-02 7.922E-03 5.853E-03 4.356E-03 3.262E-03 2.447E-03 1.818E-03 1.318E-03 9.248E-04 6.293E-04 4.213E-04
 7.724E-01 7.723E-01 7.723E-01 7.723E-01 7.723E-01 7.722E-01 7.721E-01 7.720E-01 7.718E-01 7.714E-01 7.709E-01 7.700E-01 7.687E-01 7.666E-01 7.632E-01 7.580E-01 7.500E-01 7.378E-01 7.197E-01 6.936E-01 6.581E-01 6.125E-01 5.585E-01 4.985E-01 4.344E-01 3.672E-01 2.996E-01 2.349E-01 1.764E-01 1.272E-01 8.904E-02 6.144E-02 4.226E-02 2.925E-02 2.054E-02 1.468E-02 1.064E-02 7.797E-03 5.767E-03 4.299E-03 3.224E-03 2.423E-03 1.802E-03 1.307E-03 9.172E-04 6.243E-04 4.181E-04
 7.641E-01 7.640E-01 7.640E-01 7.640E-01 7.640E-01 7.639E-01 7.638E-01 7.637E-01 7.635E-01 7.631E-01 7.626E-01 7.617E-01 7.604E-01 7.583E-01 7.550E-01 7.498E-01 7.418E-01 7.296E-01 7.116E-01 6.856E-01 6.502E-01 6.049E-01 5.513E-01 4.918E-01 4.283E-01 3.618E-01 2.951E-01 2.313E-01 1.736E-01 1.252E-01 8.761E-02 6.046E-02 4.158E-02 2.876E-02 2.018E-02 1.442E-02 1.046E-02 7.672E-03 5.681E-03 4.241E-03 3.187E-03 2.398E-03 1.785E-03 1.296E-03 9.097E-04 6.194E-04 4.150E-04
 7.564E-01 7.564E-01 7.563E-01 7.563E-01 7.563E-01 7.562E-01 7.561E-01 7.560E-01 7.558E-01 7.555E-01 7.549E-01 7.541E-01 7.527E-01 7.506E-01 7.473E-01 7.421E-01 7.342E-01 7.220E-01 7.040E-01 6.782E-01 6.429E-01 5.978E-01 5.445E-01 4.854E-01 4.224E-01 3.567E-01 2.907E-01 2.277E-01 1.708E-01 1.230E-01 8.610E-02 5.944E-02 4.087E-02 2.825E-02 1.982E-02 1.416E-02 1.028E-02 7.547E-03 5.597E-03 4.185E-03 3.149E-03 2.373E-03 1.768E-03 1.284E-03 9.021E-04 6.146E-04 4.119E-04
 7.494E-01 7.494E-01 7.494E-01 7.494E-01 7.494E-01 7.493E-01 7.492E-01 7.491E-01 7.489E-01 7.485E-01 7.480E-01 7.471E-01 7.458E-01 7.437E-01 7.404E-01 7.352E-01 7.273E-01 7.152E-01 6.972E-01 6.714E-01 6.363E-01 5.913E-01 5.382E-01 4.794E-01 4.168E-01 3.516E-01 2.863E-01 2.239E-01 1.678E-01 1.208E-01 8.449E-02 5.833E-02 4.011E-02 2.771E-02 1.943E-02 1.389E-02 1.009E-02 7.419E-03 5.511E-03 4.127E-03 3.111E-03 2.347E-03 1.751E-03 1.272E-03 8.942E-04 6.095E-04 4.086E-04
 7.429E-01 7.428E-01 7.428E-01 7.428E-01 7.428E-01 7.427E-01 7.426E-01 7.425E-01 7.423E-01 7.419E-01 7.414E-01 7.406E-01 7.392E-01 7.371E-01 7.338E-01 7.287E-01 7.207E-01 7.087E-01 6.907E-01 6.650E-01 6.299E-01 5.851E-01 5.321E-01 4.735E-01 4.113E-01 3.464E-01 2.816E-01 2.200E-01 1.645E-01 1.183E-01 8.269E-02 5.709E-02 3.925E-02 2.711E-02 1.901E-02 1.359E-02 9.885E-03 7.281E-03 5.419E-03 4.066E-03 3.069E-03 2.319E-03 1.731E-03 1.259E-03 8.853E-04 6.039E-04 4.051E-04
 7.360E-01 7.360E-01 7.360E-01 7.360E-01 7.359E-01 7.359E-01 7.358E-01 7.357E-01 7.354E-01 7.351E-01 7.346E-01 7.337E-01 7.324E-01 7.303E-01 7.270E-01 7.218E-01 7.139E-01 7.019E-01 6.840E-01 6.583E-01 6.233E-01 5.786E-01 5.257E-01 4.673E-01 4.053E-01 3.409E-01 2.766E-01 2.155E-01 1.608E-01 1.154E-01 8.061E-02 5.563E-02 3.825E-02 2.642E-02 1.852E-02 1.325E-02 9.657E-03 7.128E-03 5.316E-03 3.996E-03 3.022E-03 2.286E-03 1.708E-03 1.243E-03 8.749E-04 5.972E-04 4.009E-04
 7.284E-01 7.284E-01 7.284E-01 7.284E-01 7.283E-01 7.283E-01 7.282E-01 7.281E-01 7.278E-01 7.275E-01 7.270E-01 7.261E-01 7.248E-01 7.227E-01 7.194E-01 7.143E-01 7.064E-01 6.943E-01 6.765E-01 6.509E-01 6.159E-01 5.713E-01 5.186E-01 4.605E-01 3.988E-01 3.347E-01 2.709E-01 2.105E-01 1.566E-01 1.121E-01 7.815E-02 5.391E-02 3.707E-02 2.560E-02 1.796E-02 1.287E-02 9.393E-03 6.951E-03 5.196E-03 3.914E-03 2.965E-03 2.247E-03 1.680E-03 1.224E-03 8.623E-04 5.892E-04 3.957E-04
 7.197E-01 7.197E-01 7.197E-01 7.197E-01 7.196E-01 7.196E-01 7.195E-01 7.194E-01 7.191E-01 7.188E-01 7.183E-01 7.174E-01 7.161E-01 7.140E-01 7.107E-01 7.056E-01 6.977E-01 6.857E-01 6.679E-01 6.424E-01 6.076E-01 5.631E-01 5.106E-01 4.528E-01 3.914E-01 3.277E-01 2.645E-01 2.048E-01 1.518E-01 1.082E-01 7.528E-02 5.187E-02 3.567E-02 2.465E-02 1.730E-02 1.241E-02 9.083E-03 6.740E-03 5.053E-03 3.815E-03 2.896E-03 2.198E-03 1.646E-03 1.200E-03 8.465E-04 5.790E-04 3.893E-04
 7.096E-01 7.096E-01 7.096E-01 7.096E-01 7.096E-01 7.095E-01 7.094E-01 7.093E-01 7.091E-01 7.087E-01 7.082E-01 7.074E-01 7.060E-01 7.040E-01 7.007E-01 6.956E-01 6.878E-01 6.758E-01 6.581E-01 6.327E-01 5.980E-01 5.538E-01 5.016E-01 4.440E-01 3.830E-01 3.199E-01 2.573E-01 1.985E-01 1.464E-01 1.039E-01 7.199E-02 4.951E-02 3.403E-02 2.353E-02 1.653E-02 1.188E-02 8.717E-03 6.488E-03 4.879E-03 3.694E-03 2.811E-03 2.138E-03 1.603E-03 1.171E-03 8.268E-04 5.663E-04 3.811E-04
 6.978E-01 6.978E-01 6.978E-01 6.978E-01 6.978E-01 6.977E-01 6.976E-01 6.975E-01 6.973E-01 6.969E-01 6.964E-01 6.956E-01 6.943E-01 6.922E-01 6.890E-01 6.839E-01 6.761E-01 6.642E-01 6.466E-01 6.214E-01 5.870E-01 5.430E-01 4.912E-01 4.341E-01 3.736E-01 3.111E-01 2.493E-01 1.914E-01 1.404E-01 9.909E-02 6.831E-02 4.683E-02 3.215E-02 2.223E-02 1.564E-02 1.126E-02 8.283E-03 6.186E-03 4.667E-03 3.546E-03 2.706E-03 2.063E-03 1.550E-03 1.134E-03 8.022E-04 5.503E-04 3.708E-04
 6.837E-01 6.837E-01 6.837E-01 6.837E-01 6.836E-01 6.836E-01 6.835E-01 6.834E-01 6.832E-01 6.828E-01 6.823E-01 6.815E-01 6.802E-01 6.781E-01 6.749E-01 6.699E-01 6.622E-01 6.505E-01 6.330E-01 6.080E-01 5.740E-01 5.305E-01 4.792E-01 4.227E-01 3.629E-01 3.013E-01 2.404E-01 1.836E-01 1.339E-01 9.386E-02 6.430E-02 4.387E-02 3.005E-02 2.077E-02 1.462E-02 1.054E-02 7.774E-03 5.825E-03 4.413E-03 3.367E-03 2.580E-03 1.973E-03 1.486E-03 1.089E-03 7.719E-04 5.304E-04 3.580E-04
 6.663E-01 6.663E-01 6.663E-01 6.663E-01 6.662E-01 6.662E-01 6.661E-01 6.660E-01 6.658E-01 6.654E-01 6.649E-01 6.641E-01 6.628E-01 6.608E-01 6.577E-01 6.527E-01 6.451E-01 6.336E-01 6.164E-01 5.918E-01 5.582E-01 5.154E-01 4.649E-01 4.093E-01 3.505E-01 2.900E-01 2.304E-01 1.750E-01 1.268E-01 8.821E-02 6.000E-02 4.070E-02 2.778E-02 1.916E-02 1.348E-02 9.731E-03 7.190E-03 5.407E-03 4.116E-03 3.157E-03 2.430E-03 1.865E-03 1.409E-03 1.035E-03 7.352E-04 5.062E-04 3.424E-04
 6.443E-01 6.443E-01 6.442E-01 6.442E-01 6.442E-01 6.441E-01 6.441E-01 6.439E-01 6.437E-01 6.434E-01 6.429E-01 6.421E-01 6.409E-01 6.389E-01 6.358E-01 6.310E-01 6.236E-01 6.123E-01 5.955E-01 5.715E-01 5.388E-01 4.970E-01 4.476E-01 3.933E-01 3.360E-01 2.769E-01 2.190E-01 1.654E-01 1.190E-01 8.216E-02 5.545E-02 3.737E-02 2.538E-02 1.745E-02 1.226E-02 8.844E-03 6.544E-03 4.939E-03 3.781E-03 2.918E-03 2.259E-03 1.741E-03 1.320E-03 9.721E-04 6.918E-04 4.774E-04 3.237E-04
 6.159E-01 6.158E-01 6.158E-01 6.158E-01 6.158E-01 6.157E-01 6.156E-01 6.155E-01 6.153E-01 6.150E-01 6.145E-01 6.138E-01 6.126E-01 6.107E-01 6.077E-01 6.031E-01 5.959E-01 5.850E-01 5.689E-01 5.458E-01 5.142E-01 4.739E-01 4.263E-01 3.739E-01 3.185E-01 2.617E-01 2.060E-01 1.547E-01 1.105E-01 7.574E-02 5.073E-02 3.395E-02 2.292E-02 1.569E-02 1.098E-02 7.911E-03 5.858E-03 4.439E-03 3.419E-03 2.657E-03 2.069E-03 1.602E-03 1.218E-03 8.996E-04 6.416E-04 4.438E-04 3.019E-04
 5.786E-01 5.786E-01 5.786E-01 5.785E-01 5.785E-01 5.785E-01 5.784E-01 5.783E-01 5.781E-01 5.778E-01 5.773E-01 5.766E-01 5.755E-01 5.737E-01 5.709E-01 5.665E-01 5.598E-01 5.495E-01 5.343E-01 5.125E-01 4.827E-01 4.446E-01 3.995E-01 3.499E-01 2.974E-01 2.435E-01 1.909E-01 1.425E-01 1.013E-01 6.893E-02 4.585E-02 3.047E-02 2.044E-02 1.391E-02 9.689E-03 6.961E-03 5.159E-03 3.925E-03 3.043E-03 2.381E-03 1.865E-03 1.451E-03 1.106E-03 8.183E-04 5.848E-04 4.057E-04 2.771E-04
 5.292E-01 5.292E-01 5.292E-01 5.292E-01 5.292E-01 5.291E-01 5.291E-01 5.290E-01 5.288E-01 5.285E-01 5.281E-01 5.275E-01 5.264E-01 5.248E-01 5.222E-01 5.182E-01 5.121E-01 5.027E-01 4.889E-01 4.689E-01 4.416E-01 4.068E-01 3.654E-01 3.198E-01 2.713E-01 2.215E-01 1.729E-01 1.286E-01 9.086E-02 6.155E-02 4.073E-02 2.691E-02 1.793E-02 1.212E-02 8.395E-03 6.013E-03 4.461E-03 3.410E-03 2.661E-03 2.096E-03 1.651E-03 1.289E-03 9.847E-04 7.294E-04 5.220E-04 3.630E-04 2.490E-04
 4.643E-01 4.643E-01 4.643E-01 4.643E-01 4.642E-01 4.642E-01 4.641E-01 4.641E-01 4.639E-01 4.637E-01 4.633E-01 4.628E-01 4.619E-01 4.604E-01 4.582E-01 4.548E-01 4.495E-01 4.414E-01 4.293E-01 4.120E-01 3.883E-01 3.579E-01 3.217E-01 2.815E-01 2.387E-01 1.944E-01 1.513E-01 1.120E-01 7.889E-02 5.328E-02 3.516E-02 2.315E-02 1.535E-02 1.031E-02 7.105E-03 5.077E-03 3.773E-03 2.899E-03 2.277E-03 1.805E-03 1.429E-03 1.118E-03 8.554E-04 6.338E-04 4.537E-04 3.159E-04 2.176E-04
 3.819E-01 3.819E-01 3.819E-01 3.819E-01 3.819E-01 3.819E-01 3.818E-01 3.817E-01 3.816E-01 3.815E-01 3.812E-01 3.807E-01 3.800E-01 3.789E-01 3.771E-01 3.744E-01 3.701E-01 3.636E-01 3.540E-01 3.402E-01 3.211E-01 2.966E-01 2.671E-01 2.341E-01 1.985E-01 1.616E-01 1.254E-01 9.261E-02 6.509E-02 4.396E-02 2.904E-02 1.912E-02 1.266E-02 8.474E-03 5.819E-03 4.156E-03 3.098E-03 2.393E-03 1.892E-03 1.508E-03 1.199E-03 9.406E-04 7.196E-04 5.324E-04 3.804E-04 2.648E-04 1.831E-04
 2.856E-01 2.855E-01 2.855E-01 2.855E-01 2.855E-01 2.855E-01 2.855E-01 2.854E-01 2.853E-01 2.852E-01 2.850E-01 2.847E-01 2.842E-01 2.834E-01 2.822E-01 2.802E-01 2.772E-01 2.727E-01 2.659E-01 2.561E-01 2.425E-01 2.248E-01 2.034E-01 1.789E-01 1.521E-01 1.239E-01 9.616E-02 7.093E-02 4.991E-02 3.386E-02 2.252E-02 1.491E-02 9.895E-03 6.624E-03 4.545E-03 3.253E-03 2.437E-03 1.894E-03 1.506E-03 1.208E-03 9.643E-04 7.580E-04 5.795E-04 4.274E-04 3.039E-04 2.110E-04 1.462E-04
 1.864E-01 1.864E-01 1.864E-01 1.864E-01 1.864E-01 1.864E-01 1.864E-01 1.863E-01 1.863E-01 1.862E-01 1.861E-01 1.859E-01 1.856E-01 1.852E-01 1.844E-01 1.833E-01 1.816E-01 1.789E-01 1.749E-01 1.691E-01 1.611E-01 1.504E-01 1.371E-01 1.215E-01 1.040E-01 8.505E-02 6.617E-02 4.896E-02 3.468E-02 2.381E-02 1.607E-02 1.078E-02 7.208E-03 4.839E-03 3.326E-03 2.390E-03 1.801E-03 1.408E-03 1.126E-03 9.085E-04 7.292E-04 5.747E-04 4.389E-04 3.221E-04 2.275E-04 1.571E-04 1.091E-04
 1.019E-01 1.019E-01 1.019E-01 1.019E-01 1.019E-01 1.019E-01 1.019E-01 1.019E-01 1.019E-01 1.018E-01 1.018E-01 1.017E-01 1.016E-01 1.014E-01 1.011E-01 1.006E-01 9.978E-02 9.859E-02 9.679E-02 9.415E-02 9.039E-02 8.528E-02 7.869E-02 7.057E-02 6.102E-02 5.038E-02 3.952E-02 2.954E-02 2.127E-02 1.494E-02 1.035E-02 7.084E-03 4.795E-03 3.234E-03 2.227E-03 1.606E-03 1.216E-03 9.562E-04 7.691E-04 6.243E-04 5.040E-04 3.986E-04 3.041E-04 2.220E-04 1.556E-04 1.069E-04 7.445E-05
 4.554E-02 4.554E-02 4.554E-02 4.554E-02 4.554E-02 4.554E-02 4.554E-02 4.553E-02 4.552E-02 4.551E-02 4.550E-02 4.547E-02 4.543E-02 4.536E-02 4.526E-02 4.510E-02 4.485E-02 4.446E-02 4.386E-02 4.296E-02 4.164E-02 3.977E-02 3.722E-02 3.388E-02 2.972E-02 2.489E-02 1.983E-02 1.513E-02 1.121E-02 8.175E-03 5.868E-03 4.125E-03 2.830E-03 1.914E-03 1.315E-03 9.474E-04 7.194E-04 5.680E-04 4.594E-04 3.754E-04 3.050E-04 2.422E-04 1.849E-04 1.345E-04 9.392E-05 6.448E-05 4.531E-05
 1.667E-02 1.667E-02 1.667E-02 1.667E-02 1.667E-02 1.667E-02 1.667E-02 1.667E-02 1.667E-02 1.667E-02 1.666E-02 1.665E-02 1.664E-02 1.663E-02 1.660E-02 1.656E-02 1.649E-02 1.639E-02 1.623E-02 1.598E-02 1.560E-02 1.505E-02 1.425E-02 1.314E-02 1.170E-02 9.979E-03 8.136E-03 6.405E-03 4.952E-03 3.783E-03 2.826E-03 2.037E-03 1.409E-03 9.496E-04 6.467E-04 4.625E-04 3.505E-04 2.774E-04 2.255E-04 1.856E-04 1.519E-04 1.213E-04 9.302E-05 6.799E-05 4.777E-05 3.326E-05 2.401E-05
 4.840E-03 4.840E-03 4.840E-03 4.840E-03 4.840E-03 4.840E-03 4.839E-03 4.839E-03 4.839E-03 4.838E-03 4.837E-03 4.836E-03 4.833E-03 4.829E-03 4.823E-03 4.813E-03 4.797E-03 4.773E-03 4.734E-03 4.674E-03 4.583E-03 4.444E-03 4.241E-03 3.956E-03 3.577E-03 3.119E-03 2.624E-03 2.153E-03 1.746E-03 1.394E-03 1.074E-03 7.860E-04 5.440E-04 3.630E-04 2.439E-04 1.725E-04 1.302E-04 1.033E-04 8.451E-05 7.019E-05 5.807E-05 4.698E-05 3.662E-05 2.740E-05 1.992E-05 1.458E-05 1.122E-05
 9.577E-04 9.577E-04 9.577E-04 9.577E-04 9.577E-04 9.577E-04 9.576E-04 9.576E-04 9.575E-04 9.574E-04 9.573E-04 9.570E-04 9.566E-04 9.560E-04 9.550E-04 9.534E-04 9.510E-04 9.471E-04 9.410E-04 9.315E-04 9.169E-04 8.949E-04 8.624E-04 8.164E-04 7.551E-04 6.798E-04 5.966E-04 5.138E-04 4.356E-04 3.592E-04 2.821E-04 2.077E-04 1.434E-04 9.522E-05 6.376E-05 4.516E-05 3.438E-05 2.771E-05 2.315E-05 1.968E-05 1.674E-05 1.403E-05 1.149E-05 9.206E-06 7.339E-06 5.987E-06 5.133E-06
 1.059E-04 1.059E-04 1.059E-04 1.059E-04 1.059E-04 1.059E-04 1.059E-04 1.059E-04 1.059E-04 1.059E-04 1.058E-04 1.058E-04 1.058E-04 1.058E-04 1.057E-04 1.056E-04 1.054E-04 1.052E-04 1.047E-04 1.041E-04 1.031E-04 1.016E-04 9.935E-05 9.613E-05 9.172E-05 8.605E-05 7.927E-05 7.163E-05 6.311E-05 5.346E-05 4.279E-05 3.205E-05 2.265E-05 1.563E-05 1.108E-05 8.405E-06 6.874E-06 5.940E-06 5.303E-06 4.813E-06 4.389E-06 3.992E-06 3.614E-06 3.268E-06 2.975E-06 2.752E-06 2.602E-06
 6.284E-06 6.284E-06 6.284E-06 6.284E-06 6.284E-06 6.284E-06 6.284E-06 6.284E-06 6.284E-06 6.284E-06 6.284E-06 6.283E-06 6.283E-06 6.282E-06 6.280E-06 6.278E-06 6.275E-06 6.269E-06 6.260E-06 6.246E-06 6.223E-06 6.189E-06 6.137E-06 6.058E-06 5.943E-06 5.780E-06 5.554E-06 5.250E-06 4.851E-06 4.347E-06 3.759E-06 3.152E-06 2.614E-06 2.211E-06 1.949E-06 1.795E-06 1.706E-06 1.650E-06 1.612E-06 1.580E-06 1.551E-06 1.523E-06 1.494E-06 1.466E-06 1.440E-06 1.418E-06 1.401E-06
 7.842E-07 7.842E-07 7.842E-07 7.842E-07 7.842E-07 7.842E-07 7.842E-07 7.842E-07 7.842E-07 7.842E-07 7.842E-07 7.842E-07 7.842E-07 7.842E-07 7.842E-07 7.842E-07 7.842E-07 7.841E-07 7.841E-07 7.839E-07 7.838E-07 7.835E-07 7.831E-07 7.825E-07 7.815E-07 7.800E-07 7.777E-07 7.744E-07 7.698E-07 7.638E-07 7.566E-07 7.490E-07 7.422E-07 7.369E-07 7.335E-07 7.314E-07 7.302E-07 7.293E-07 7.287E-07 7.280E-07 7.274E-07 7.266E-07 7.257E-07 7.246E-07 7.234E-07 7.219E-07 7.202E-07
 3.258E-07 3.258E-07 3.258E-07 3.258E-07 3.258E-07 3.258E-07 3.258E-07 3.258E-07 3.258E-07 3.258E-07 3.258E-07 3.258E-07 3.258E-07 3.258E-07 3.258E-07 3.258E-07 3.258E-07 3.258E-07 3.258E-07 3.258E-07 3.258E-07 3.258E-07 3.258E-07 3.258E-07 3.258E-07 3.258E-07 3.258E-07 3.258E-07 3.258E-07 3.258E-07 3.258E-07 3.258E-07 3.258E-07 3.258E-07 3.258E-07 3.258E-07 3.258E-07 3.258E-07 3.257E-07 3.257E-07 3.257E-07 3.256E-07 3.256E-07 3.254E-07 3.252E-07 3.249E-07 3.244E-07
