b(CO,H2,H) (km/s)    =   3.00 11.22 15.87
Tex(CO,H2) (K)       =    50.00  353.55
[12C]/[13C]          =  69
[16O]/[18O]          = 557
[18O]/[17O]          =   3.6
n[N(12CO)]           =  47
n[N(H2)]             =  42

CO shielding rates     (for parameters/values rows & columns: check legend file)
 1.000E+00 1.000E+00 1.000E+00 9.999E-01 9.999E-01 9.999E-01 9.998E-01 9.997E-01 9.995E-01 9.992E-01 9.987E-01 9.979E-01 9.967E-01 9.949E-01 9.919E-01 9.873E-01 9.802E-01 9.694E-01 9.533E-01 9.302E-01 8.985E-01 8.578E-01 8.088E-01 7.524E-01 6.875E-01 6.111E-01 5.235E-01 4.292E-01 3.355E-01 2.495E-01 1.767E-01 1.201E-01 7.967E-02 5.236E-02 3.448E-02 2.303E-02 1.574E-02 1.100E-02 7.813E-03 5.632E-03 4.097E-03 2.982E-03 2.149E-03 1.520E-03 1.049E-03 7.085E-04 4.726E-04
 8.646E-01 8.646E-01 8.646E-01 8.646E-01 8.645E-01 8.645E-01 8.644E-01 8.643E-01 8.641E-01 8.638E-01 8.634E-01 8.626E-01 8.615E-01 8.597E-01 8.568E-01 8.524E-01 8.455E-01 8.351E-01 8.197E-01 7.976E-01 7.675E-01 7.291E-01 6.837E-01 6.329E-01 5.759E-01 5.106E-01 4.373E-01 3.598E-01 2.836E-01 2.134E-01 1.530E-01 1.051E-01 7.025E-02 4.646E-02 3.077E-02 2.066E-02 1.418E-02 9.939E-03 7.077E-03 5.116E-03 3.741E-03 2.742E-03 1.993E-03 1.424E-03 9.937E-04 6.776E-04 4.553E-04
 8.575E-01 8.575E-01 8.575E-01 8.574E-01 8.574E-01 8.574E-01 8.573E-01 8.572E-01 8.570E-01 8.567E-01 8.562E-01 8.555E-01 8.543E-01 8.525E-01 8.497E-01 8.452E-01 8.384E-01 8.280E-01 8.126E-01 7.905E-01 7.605E-01 7.222E-01 6.770E-01 6.263E-01 5.696E-01 5.047E-01 4.318E-01 3.550E-01 2.795E-01 2.102E-01 1.506E-01 1.035E-01 6.929E-02 4.588E-02 3.041E-02 2.043E-02 1.402E-02 9.824E-03 6.995E-03 5.058E-03 3.701E-03 2.715E-03 1.974E-03 1.411E-03 9.850E-04 6.720E-04 4.517E-04
 8.491E-01 8.491E-01 8.491E-01 8.491E-01 8.490E-01 8.490E-01 8.489E-01 8.488E-01 8.486E-01 8.483E-01 8.479E-01 8.471E-01 8.460E-01 8.442E-01 8.413E-01 8.369E-01 8.301E-01 8.197E-01 8.043E-01 7.823E-01 7.523E-01 7.142E-01 6.691E-01 6.187E-01 5.623E-01 4.979E-01 4.256E-01 3.495E-01 2.749E-01 2.065E-01 1.479E-01 1.017E-01 6.810E-02 4.514E-02 2.996E-02 2.013E-02 1.382E-02 9.681E-03 6.892E-03 4.987E-03 3.652E-03 2.682E-03 1.951E-03 1.395E-03 9.741E-04 6.650E-04 4.473E-04
 8.394E-01 8.394E-01 8.394E-01 8.394E-01 8.393E-01 8.393E-01 8.392E-01 8.391E-01 8.389E-01 8.386E-01 8.382E-01 8.374E-01 8.363E-01 8.345E-01 8.317E-01 8.272E-01 8.204E-01 8.101E-01 7.947E-01 7.728E-01 7.429E-01 7.049E-01 6.601E-01 6.100E-01 5.541E-01 4.902E-01 4.187E-01 3.433E-01 2.697E-01 2.023E-01 1.448E-01 9.953E-02 6.670E-02 4.426E-02 2.941E-02 1.978E-02 1.358E-02 9.512E-03 6.772E-03 4.903E-03 3.596E-03 2.643E-03 1.925E-03 1.376E-03 9.614E-04 6.567E-04 4.420E-04
 8.283E-01 8.283E-01 8.283E-01 8.282E-01 8.282E-01 8.282E-01 8.281E-01 8.280E-01 8.278E-01 8.275E-01 8.270E-01 8.263E-01 8.252E-01 8.234E-01 8.205E-01 8.161E-01 8.093E-01 7.990E-01 7.837E-01 7.619E-01 7.321E-01 6.943E-01 6.498E-01 6.001E-01 5.447E-01 4.816E-01 4.109E-01 3.366E-01 2.640E-01 1.978E-01 1.414E-01 9.717E-02 6.514E-02 4.328E-02 2.879E-02 1.939E-02 1.332E-02 9.327E-03 6.641E-03 4.812E-03 3.534E-03 2.601E-03 1.895E-03 1.355E-03 9.471E-04 6.474E-04 4.361E-04
 8.159E-01 8.159E-01 8.159E-01 8.159E-01 8.158E-01 8.158E-01 8.157E-01 8.156E-01 8.154E-01 8.151E-01 8.147E-01 8.139E-01 8.128E-01 8.110E-01 8.082E-01 8.038E-01 7.970E-01 7.868E-01 7.715E-01 7.498E-01 7.202E-01 6.826E-01 6.384E-01 5.892E-01 5.345E-01 4.722E-01 4.025E-01 3.293E-01 2.580E-01 1.931E-01 1.379E-01 9.470E-02 6.351E-02 4.224E-02 2.815E-02 1.899E-02 1.305E-02 9.138E-03 6.506E-03 4.718E-03 3.469E-03 2.557E-03 1.864E-03 1.333E-03 9.319E-04 6.374E-04 4.298E-04
 8.029E-01 8.029E-01 8.029E-01 8.029E-01 8.029E-01 8.028E-01 8.027E-01 8.026E-01 8.024E-01 8.022E-01 8.017E-01 8.010E-01 7.998E-01 7.980E-01 7.952E-01 7.909E-01 7.841E-01 7.739E-01 7.587E-01 7.371E-01 7.076E-01 6.703E-01 6.265E-01 5.778E-01 5.239E-01 4.625E-01 3.939E-01 3.219E-01 2.518E-01 1.882E-01 1.343E-01 9.221E-02 6.187E-02 4.121E-02 2.751E-02 1.859E-02 1.279E-02 8.954E-03 6.374E-03 4.625E-03 3.405E-03 2.512E-03 1.832E-03 1.311E-03 9.165E-04 6.273E-04 4.234E-04
 7.903E-01 7.903E-01 7.903E-01 7.903E-01 7.903E-01 7.902E-01 7.902E-01 7.900E-01 7.899E-01 7.896E-01 7.891E-01 7.884E-01 7.873E-01 7.855E-01 7.827E-01 7.783E-01 7.716E-01 7.614E-01 7.463E-01 7.248E-01 6.955E-01 6.584E-01 6.149E-01 5.668E-01 5.135E-01 4.530E-01 3.855E-01 3.146E-01 2.458E-01 1.835E-01 1.308E-01 8.979E-02 6.028E-02 4.020E-02 2.689E-02 1.820E-02 1.254E-02 8.776E-03 6.247E-03 4.534E-03 3.342E-03 2.468E-03 1.801E-03 1.288E-03 9.013E-04 6.174E-04 4.172E-04
 7.789E-01 7.789E-01 7.789E-01 7.788E-01 7.788E-01 7.788E-01 7.787E-01 7.786E-01 7.784E-01 7.781E-01 7.777E-01 7.769E-01 7.758E-01 7.740E-01 7.712E-01 7.669E-01 7.602E-01 7.501E-01 7.350E-01 7.135E-01 6.844E-01 6.475E-01 6.043E-01 5.565E-01 5.039E-01 4.441E-01 3.775E-01 3.077E-01 2.401E-01 1.790E-01 1.275E-01 8.746E-02 5.875E-02 3.924E-02 2.630E-02 1.783E-02 1.229E-02 8.603E-03 6.123E-03 4.446E-03 3.280E-03 2.424E-03 1.770E-03 1.266E-03 8.863E-04 6.077E-04 4.111E-04
 7.686E-01 7.685E-01 7.685E-01 7.685E-01 7.685E-01 7.684E-01 7.684E-01 7.683E-01 7.681E-01 7.678E-01 7.673E-01 7.666E-01 7.655E-01 7.637E-01 7.609E-01 7.566E-01 7.499E-01 7.398E-01 7.248E-01 7.034E-01 6.743E-01 6.376E-01 5.946E-01 5.471E-01 4.949E-01 4.358E-01 3.700E-01 3.012E-01 2.346E-01 1.746E-01 1.243E-01 8.523E-02 5.728E-02 3.830E-02 2.572E-02 1.746E-02 1.204E-02 8.427E-03 5.998E-03 4.358E-03 3.217E-03 2.380E-03 1.739E-03 1.244E-03 8.714E-04 5.980E-04 4.051E-04
 7.590E-01 7.590E-01 7.590E-01 7.589E-01 7.589E-01 7.589E-01 7.588E-01 7.587E-01 7.585E-01 7.582E-01 7.578E-01 7.570E-01 7.559E-01 7.541E-01 7.514E-01 7.470E-01 7.404E-01 7.303E-01 7.153E-01 6.939E-01 6.649E-01 6.283E-01 5.855E-01 5.383E-01 4.865E-01 4.279E-01 3.628E-01 2.949E-01 2.293E-01 1.704E-01 1.211E-01 8.305E-02 5.584E-02 3.739E-02 2.513E-02 1.708E-02 1.178E-02 8.247E-03 5.871E-03 4.268E-03 3.154E-03 2.335E-03 1.707E-03 1.222E-03 8.560E-04 5.882E-04 3.990E-04
 7.498E-01 7.498E-01 7.498E-01 7.498E-01 7.497E-01 7.497E-01 7.496E-01 7.495E-01 7.493E-01 7.491E-01 7.486E-01 7.479E-01 7.468E-01 7.450E-01 7.422E-01 7.379E-01 7.313E-01 7.212E-01 7.062E-01 6.849E-01 6.560E-01 6.194E-01 5.768E-01 5.298E-01 4.783E-01 4.202E-01 3.558E-01 2.887E-01 2.242E-01 1.663E-01 1.181E-01 8.091E-02 5.443E-02 3.647E-02 2.454E-02 1.668E-02 1.151E-02 8.060E-03 5.740E-03 4.176E-03 3.089E-03 2.288E-03 1.673E-03 1.198E-03 8.402E-04 5.780E-04 3.927E-04
 7.409E-01 7.409E-01 7.409E-01 7.408E-01 7.408E-01 7.408E-01 7.407E-01 7.406E-01 7.404E-01 7.401E-01 7.397E-01 7.390E-01 7.378E-01 7.361E-01 7.333E-01 7.290E-01 7.223E-01 7.123E-01 6.973E-01 6.760E-01 6.472E-01 6.107E-01 5.682E-01 5.215E-01 4.703E-01 4.127E-01 3.489E-01 2.826E-01 2.190E-01 1.622E-01 1.150E-01 7.877E-02 5.301E-02 3.555E-02 2.393E-02 1.628E-02 1.123E-02 7.867E-03 5.605E-03 4.082E-03 3.021E-03 2.240E-03 1.639E-03 1.174E-03 8.239E-04 5.676E-04 3.863E-04
 7.319E-01 7.319E-01 7.318E-01 7.318E-01 7.318E-01 7.317E-01 7.317E-01 7.316E-01 7.314E-01 7.311E-01 7.307E-01 7.299E-01 7.288E-01 7.271E-01 7.243E-01 7.200E-01 7.134E-01 7.033E-01 6.884E-01 6.671E-01 6.383E-01 6.020E-01 5.596E-01 5.131E-01 4.622E-01 4.050E-01 3.418E-01 2.764E-01 2.138E-01 1.581E-01 1.119E-01 7.663E-02 5.158E-02 3.461E-02 2.331E-02 1.585E-02 1.094E-02 7.668E-03 5.468E-03 3.985E-03 2.953E-03 2.191E-03 1.604E-03 1.150E-03 8.074E-04 5.572E-04 3.799E-04
 7.224E-01 7.224E-01 7.224E-01 7.224E-01 7.224E-01 7.223E-01 7.222E-01 7.221E-01 7.220E-01 7.217E-01 7.212E-01 7.205E-01 7.194E-01 7.176E-01 7.149E-01 7.106E-01 7.040E-01 6.939E-01 6.790E-01 6.578E-01 6.291E-01 5.928E-01 5.506E-01 5.043E-01 4.537E-01 3.971E-01 3.345E-01 2.699E-01 2.083E-01 1.538E-01 1.087E-01 7.444E-02 5.012E-02 3.365E-02 2.267E-02 1.542E-02 1.065E-02 7.464E-03 5.328E-03 3.888E-03 2.884E-03 2.142E-03 1.569E-03 1.125E-03 7.912E-04 5.468E-04 3.736E-04
 7.124E-01 7.124E-01 7.124E-01 7.123E-01 7.123E-01 7.123E-01 7.122E-01 7.121E-01 7.119E-01 7.116E-01 7.112E-01 7.105E-01 7.093E-01 7.076E-01 7.048E-01 7.005E-01 6.939E-01 6.839E-01 6.691E-01 6.479E-01 6.192E-01 5.831E-01 5.410E-01 4.949E-01 4.448E-01 3.886E-01 3.267E-01 2.631E-01 2.026E-01 1.493E-01 1.055E-01 7.218E-02 4.862E-02 3.266E-02 2.200E-02 1.497E-02 1.034E-02 7.258E-03 5.187E-03 3.790E-03 2.815E-03 2.093E-03 1.534E-03 1.101E-03 7.751E-04 5.366E-04 3.674E-04
 7.016E-01 7.016E-01 7.016E-01 7.016E-01 7.015E-01 7.015E-01 7.014E-01 7.013E-01 7.011E-01 7.008E-01 7.004E-01 6.997E-01 6.986E-01 6.968E-01 6.941E-01 6.898E-01 6.832E-01 6.732E-01 6.584E-01 6.372E-01 6.087E-01 5.726E-01 5.308E-01 4.850E-01 4.352E-01 3.796E-01 3.185E-01 2.558E-01 1.966E-01 1.446E-01 1.020E-01 6.984E-02 4.708E-02 3.164E-02 2.132E-02 1.451E-02 1.003E-02 7.048E-03 5.043E-03 3.690E-03 2.745E-03 2.044E-03 1.499E-03 1.077E-03 7.589E-04 5.263E-04 3.610E-04
 6.900E-01 6.900E-01 6.900E-01 6.900E-01 6.900E-01 6.899E-01 6.899E-01 6.897E-01 6.896E-01 6.893E-01 6.888E-01 6.881E-01 6.870E-01 6.853E-01 6.825E-01 6.783E-01 6.717E-01 6.617E-01 6.469E-01 6.259E-01 5.974E-01 5.615E-01 5.198E-01 4.743E-01 4.250E-01 3.700E-01 3.098E-01 2.482E-01 1.903E-01 1.396E-01 9.845E-02 6.739E-02 4.547E-02 3.058E-02 2.062E-02 1.404E-02 9.713E-03 6.829E-03 4.894E-03 3.588E-03 2.673E-03 1.993E-03 1.464E-03 1.052E-03 7.421E-04 5.154E-04 3.542E-04
 6.775E-01 6.775E-01 6.775E-01 6.775E-01 6.775E-01 6.774E-01 6.773E-01 6.772E-01 6.771E-01 6.768E-01 6.763E-01 6.756E-01 6.745E-01 6.728E-01 6.700E-01 6.658E-01 6.592E-01 6.493E-01 6.345E-01 6.135E-01 5.852E-01 5.494E-01 5.080E-01 4.628E-01 4.140E-01 3.597E-01 3.004E-01 2.400E-01 1.835E-01 1.343E-01 9.461E-02 6.477E-02 4.374E-02 2.944E-02 1.986E-02 1.353E-02 9.366E-03 6.593E-03 4.733E-03 3.477E-03 2.596E-03 1.938E-03 1.425E-03 1.026E-03 7.239E-04 5.035E-04 3.466E-04
 6.637E-01 6.637E-01 6.637E-01 6.636E-01 6.636E-01 6.636E-01 6.635E-01 6.634E-01 6.632E-01 6.629E-01 6.625E-01 6.618E-01 6.607E-01 6.589E-01 6.562E-01 6.520E-01 6.454E-01 6.355E-01 6.209E-01 5.999E-01 5.717E-01 5.362E-01 4.950E-01 4.502E-01 4.019E-01 3.484E-01 2.901E-01 2.310E-01 1.760E-01 1.285E-01 9.034E-02 6.185E-02 4.180E-02 2.816E-02 1.900E-02 1.295E-02 8.972E-03 6.326E-03 4.551E-03 3.352E-03 2.509E-03 1.877E-03 1.382E-03 9.958E-04 7.036E-04 4.901E-04 3.380E-04
 6.481E-01 6.481E-01 6.481E-01 6.481E-01 6.480E-01 6.480E-01 6.479E-01 6.478E-01 6.476E-01 6.473E-01 6.469E-01 6.462E-01 6.451E-01 6.434E-01 6.407E-01 6.364E-01 6.299E-01 6.201E-01 6.055E-01 5.847E-01 5.565E-01 5.212E-01 4.804E-01 4.360E-01 3.883E-01 3.356E-01 2.785E-01 2.208E-01 1.675E-01 1.218E-01 8.546E-02 5.847E-02 3.954E-02 2.665E-02 1.800E-02 1.227E-02 8.511E-03 6.013E-03 4.339E-03 3.207E-03 2.407E-03 1.806E-03 1.332E-03 9.611E-04 6.801E-04 4.745E-04 3.279E-04
 6.302E-01 6.302E-01 6.302E-01 6.302E-01 6.302E-01 6.301E-01 6.300E-01 6.299E-01 6.298E-01 6.295E-01 6.290E-01 6.283E-01 6.272E-01 6.255E-01 6.228E-01 6.186E-01 6.122E-01 6.023E-01 5.878E-01 5.672E-01 5.393E-01 5.042E-01 4.637E-01 4.199E-01 3.729E-01 3.212E-01 2.654E-01 2.093E-01 1.579E-01 1.143E-01 7.983E-02 5.451E-02 3.686E-02 2.486E-02 1.680E-02 1.146E-02 7.964E-03 5.643E-03 4.089E-03 3.035E-03 2.288E-03 1.721E-03 1.273E-03 9.199E-04 6.520E-04 4.558E-04 3.156E-04
 6.095E-01 6.095E-01 6.095E-01 6.095E-01 6.094E-01 6.094E-01 6.093E-01 6.092E-01 6.090E-01 6.088E-01 6.083E-01 6.076E-01 6.066E-01 6.049E-01 6.022E-01 5.980E-01 5.916E-01 5.819E-01 5.675E-01 5.470E-01 5.194E-01 4.847E-01 4.447E-01 4.015E-01 3.554E-01 3.049E-01 2.505E-01 1.963E-01 1.470E-01 1.057E-01 7.337E-02 4.991E-02 3.369E-02 2.273E-02 1.537E-02 1.050E-02 7.316E-03 5.205E-03 3.793E-03 2.833E-03 2.145E-03 1.620E-03 1.202E-03 8.705E-04 6.183E-04 4.333E-04 3.007E-04
 5.852E-01 5.852E-01 5.852E-01 5.852E-01 5.851E-01 5.851E-01 5.850E-01 5.849E-01 5.847E-01 5.845E-01 5.840E-01 5.834E-01 5.823E-01 5.806E-01 5.780E-01 5.738E-01 5.675E-01 5.579E-01 5.437E-01 5.235E-01 4.962E-01 4.620E-01 4.227E-01 3.804E-01 3.354E-01 2.862E-01 2.337E-01 1.817E-01 1.349E-01 9.604E-02 6.612E-02 4.467E-02 3.005E-02 2.025E-02 1.371E-02 9.388E-03 6.563E-03 4.698E-03 3.450E-03 2.596E-03 1.978E-03 1.501E-03 1.117E-03 8.116E-04 5.780E-04 4.062E-04 2.828E-04
 5.563E-01 5.563E-01 5.563E-01 5.563E-01 5.563E-01 5.562E-01 5.562E-01 5.561E-01 5.559E-01 5.556E-01 5.552E-01 5.545E-01 5.535E-01 5.518E-01 5.492E-01 5.452E-01 5.390E-01 5.295E-01 5.156E-01 4.957E-01 4.690E-01 4.355E-01 3.971E-01 3.559E-01 3.123E-01 2.650E-01 2.148E-01 1.655E-01 1.215E-01 8.548E-02 5.817E-02 3.891E-02 2.601E-02 1.749E-02 1.185E-02 8.135E-03 5.716E-03 4.125E-03 3.060E-03 2.325E-03 1.786E-03 1.363E-03 1.019E-03 7.426E-04 5.305E-04 3.742E-04 2.614E-04
 5.220E-01 5.220E-01 5.220E-01 5.220E-01 5.219E-01 5.219E-01 5.218E-01 5.217E-01 5.215E-01 5.213E-01 5.209E-01 5.202E-01 5.192E-01 5.176E-01 5.151E-01 5.111E-01 5.051E-01 4.959E-01 4.823E-01 4.630E-01 4.370E-01 4.046E-01 3.674E-01 3.278E-01 2.860E-01 2.410E-01 1.936E-01 1.475E-01 1.069E-01 7.422E-02 4.978E-02 3.287E-02 2.177E-02 1.457E-02 9.866E-03 6.796E-03 4.807E-03 3.506E-03 2.636E-03 2.027E-03 1.572E-03 1.208E-03 9.075E-04 6.641E-04 4.763E-04 3.372E-04 2.366E-04
 4.814E-01 4.814E-01 4.814E-01 4.814E-01 4.814E-01 4.813E-01 4.813E-01 4.812E-01 4.810E-01 4.808E-01 4.804E-01 4.797E-01 4.788E-01 4.772E-01 4.748E-01 4.710E-01 4.652E-01 4.564E-01 4.434E-01 4.249E-01 4.000E-01 3.689E-01 3.335E-01 2.959E-01 2.566E-01 2.145E-01 1.706E-01 1.284E-01 9.174E-02 6.268E-02 4.137E-02 2.690E-02 1.760E-02 1.169E-02 7.897E-03 5.454E-03 3.890E-03 2.876E-03 2.196E-03 1.713E-03 1.342E-03 1.039E-03 7.855E-04 5.777E-04 4.162E-04 2.960E-04 2.087E-04
 4.338E-01 4.338E-01 4.338E-01 4.338E-01 4.338E-01 4.337E-01 4.337E-01 4.336E-01 4.334E-01 4.332E-01 4.328E-01 4.322E-01 4.313E-01 4.299E-01 4.276E-01 4.240E-01 4.186E-01 4.103E-01 3.981E-01 3.807E-01 3.573E-01 3.283E-01 2.953E-01 2.604E-01 2.242E-01 1.858E-01 1.462E-01 1.085E-01 7.638E-02 5.135E-02 3.334E-02 2.134E-02 1.377E-02 9.050E-03 6.081E-03 4.208E-03 3.028E-03 2.271E-03 1.764E-03 1.396E-03 1.106E-03 8.633E-04 6.567E-04 4.859E-04 3.520E-04 2.516E-04 1.784E-04
 3.779E-01 3.779E-01 3.779E-01 3.779E-01 3.779E-01 3.778E-01 3.778E-01 3.777E-01 3.776E-01 3.773E-01 3.770E-01 3.765E-01 3.756E-01 3.743E-01 3.722E-01 3.690E-01 3.640E-01 3.565E-01 3.454E-01 3.296E-01 3.085E-01 2.822E-01 2.524E-01 2.211E-01 1.889E-01 1.552E-01 1.206E-01 8.829E-02 6.119E-02 4.052E-02 2.594E-02 1.637E-02 1.042E-02 6.766E-03 4.515E-03 3.126E-03 2.268E-03 1.724E-03 1.359E-03 1.090E-03 8.720E-04 6.859E-04 5.255E-04 3.915E-04 2.854E-04 2.053E-04 1.464E-04
 3.126E-01 3.126E-01 3.126E-01 3.125E-01 3.125E-01 3.125E-01 3.125E-01 3.124E-01 3.123E-01 3.121E-01 3.118E-01 3.113E-01 3.106E-01 3.095E-01 3.077E-01 3.049E-01 3.006E-01 2.941E-01 2.845E-01 2.709E-01 2.527E-01 2.301E-01 2.046E-01 1.780E-01 1.508E-01 1.226E-01 9.413E-02 6.788E-02 4.633E-02 3.027E-02 1.917E-02 1.199E-02 7.548E-03 4.848E-03 3.211E-03 2.223E-03 1.623E-03 1.246E-03 9.936E-04 8.052E-04 6.496E-04 5.149E-04 3.975E-04 2.984E-04 2.191E-04 1.587E-04 1.139E-04
 2.390E-01 2.390E-01 2.389E-01 2.389E-01 2.389E-01 2.389E-01 2.389E-01 2.388E-01 2.387E-01 2.386E-01 2.383E-01 2.380E-01 2.374E-01 2.365E-01 2.351E-01 2.328E-01 2.294E-01 2.243E-01 2.166E-01 2.058E-01 1.914E-01 1.735E-01 1.533E-01 1.323E-01 1.112E-01 8.939E-02 6.767E-02 4.802E-02 3.226E-02 2.083E-02 1.311E-02 8.174E-03 5.117E-03 3.260E-03 2.146E-03 1.485E-03 1.089E-03 8.411E-04 6.758E-04 5.523E-04 4.491E-04 3.587E-04 2.791E-04 2.113E-04 1.565E-04 1.143E-04 8.278E-05
 1.623E-01 1.623E-01 1.623E-01 1.623E-01 1.623E-01 1.623E-01 1.623E-01 1.622E-01 1.622E-01 1.621E-01 1.619E-01 1.616E-01 1.612E-01 1.606E-01 1.596E-01 1.580E-01 1.557E-01 1.520E-01 1.467E-01 1.392E-01 1.290E-01 1.165E-01 1.024E-01 8.781E-02 7.312E-02 5.813E-02 4.337E-02 3.026E-02 2.001E-02 1.280E-02 8.040E-03 5.020E-03 3.140E-03 1.990E-03 1.304E-03 9.021E-04 6.627E-04 5.137E-04 4.150E-04 3.417E-04 2.801E-04 2.255E-04 1.770E-04 1.353E-04 1.013E-04 7.482E-05 5.500E-05
 9.213E-02 9.213E-02 9.213E-02 9.212E-02 9.212E-02 9.211E-02 9.209E-02 9.207E-02 9.203E-02 9.197E-02 9.188E-02 9.173E-02 9.150E-02 9.114E-02 9.057E-02 8.968E-02 8.831E-02 8.624E-02 8.319E-02 7.886E-02 7.305E-02 6.586E-02 5.773E-02 4.929E-02 4.077E-02 3.210E-02 2.363E-02 1.624E-02 1.060E-02 6.734E-03 4.237E-03 2.658E-03 1.665E-03 1.053E-03 6.888E-04 4.768E-04 3.505E-04 2.718E-04 2.203E-04 1.826E-04 1.509E-04 1.226E-04 9.720E-05 7.525E-05 5.723E-05 4.312E-05 3.256E-05
 3.938E-02 3.938E-02 3.938E-02 3.938E-02 3.938E-02 3.937E-02 3.937E-02 3.936E-02 3.934E-02 3.932E-02 3.928E-02 3.922E-02 3.912E-02 3.897E-02 3.873E-02 3.836E-02 3.779E-02 3.693E-02 3.566E-02 3.385E-02 3.141E-02 2.838E-02 2.492E-02 2.129E-02 1.757E-02 1.376E-02 1.005E-02 6.844E-03 4.441E-03 2.823E-03 1.788E-03 1.130E-03 7.104E-04 4.494E-04 2.946E-04 2.047E-04 1.506E-04 1.168E-04 9.499E-05 7.929E-05 6.613E-05 5.436E-05 4.379E-05 3.460E-05 2.705E-05 2.116E-05 1.681E-05
 1.075E-02 1.075E-02 1.075E-02 1.075E-02 1.075E-02 1.075E-02 1.075E-02 1.074E-02 1.074E-02 1.073E-02 1.072E-02 1.071E-02 1.069E-02 1.065E-02 1.059E-02 1.049E-02 1.035E-02 1.013E-02 9.811E-03 9.352E-03 8.729E-03 7.944E-03 7.034E-03 6.050E-03 5.015E-03 3.937E-03 2.881E-03 1.971E-03 1.291E-03 8.339E-04 5.377E-04 3.448E-04 2.186E-04 1.392E-04 9.213E-05 6.477E-05 4.810E-05 3.758E-05 3.089E-05 2.616E-05 2.225E-05 1.877E-05 1.565E-05 1.294E-05 1.072E-05 9.020E-06 7.800E-06
 1.482E-03 1.482E-03 1.481E-03 1.481E-03 1.481E-03 1.481E-03 1.481E-03 1.481E-03 1.480E-03 1.480E-03 1.479E-03 1.477E-03 1.474E-03 1.470E-03 1.463E-03 1.452E-03 1.435E-03 1.410E-03 1.373E-03 1.319E-03 1.245E-03 1.149E-03 1.035E-03 9.050E-04 7.619E-04 6.076E-04 4.538E-04 3.194E-04 2.171E-04 1.461E-04 9.779E-05 6.464E-05 4.206E-05 2.759E-05 1.903E-05 1.405E-05 1.097E-05 9.004E-06 7.770E-06 6.914E-06 6.217E-06 5.606E-06 5.061E-06 4.585E-06 4.199E-06 3.913E-06 3.716E-06
 7.654E-05 7.654E-05 7.654E-05 7.654E-05 7.654E-05 7.653E-05 7.653E-05 7.652E-05 7.650E-05 7.648E-05 7.644E-05 7.638E-05 7.628E-05 7.613E-05 7.589E-05 7.551E-05 7.493E-05 7.403E-05 7.268E-05 7.071E-05 6.793E-05 6.420E-05 5.943E-05 5.361E-05 4.670E-05 3.886E-05 3.074E-05 2.333E-05 1.733E-05 1.281E-05 9.432E-06 6.918E-06 5.112E-06 3.929E-06 3.231E-06 2.826E-06 2.572E-06 2.409E-06 2.307E-06 2.238E-06 2.182E-06 2.134E-06 2.090E-06 2.051E-06 2.019E-06 1.995E-06 1.978E-06
 2.003E-06 2.003E-06 2.003E-06 2.003E-06 2.003E-06 2.003E-06 2.003E-06 2.003E-06 2.003E-06 2.003E-06 2.002E-06 2.002E-06 2.001E-06 2.000E-06 1.999E-06 1.996E-06 1.992E-06 1.987E-06 1.977E-06 1.964E-06 1.943E-06 1.914E-06 1.873E-06 1.818E-06 1.747E-06 1.661E-06 1.565E-06 1.470E-06 1.382E-06 1.306E-06 1.241E-06 1.188E-06 1.147E-06 1.120E-06 1.104E-06 1.095E-06 1.089E-06 1.085E-06 1.083E-06 1.081E-06 1.080E-06 1.078E-06 1.077E-06 1.076E-06 1.074E-06 1.072E-06 1.070E-06
 5.378E-07 5.378E-07 5.378E-07 5.378E-07 5.378E-07 5.378E-07 5.378E-07 5.378E-07 5.378E-07 5.378E-07 5.378E-07 5.378E-07 5.378E-07 5.378E-07 5.378E-07 5.378E-07 5.378E-07 5.378E-07 5.378E-07 5.378E-07 5.377E-07 5.377E-07 5.377E-07 5.376E-07 5.375E-07 5.374E-07 5.373E-07 5.372E-07 5.370E-07 5.368E-07 5.367E-07 5.365E-07 5.364E-07 5.363E-07 5.362E-07 5.362E-07 5.362E-07 5.361E-07 5.361E-07 5.361E-07 5.360E-07 5.359E-07 5.357E-07 5.355E-07 5.351E-07 5.345E-07 5.335E-07
 2.322E-07 2.322E-07 2.322E-07 2.322E-07 2.322E-07 2.322E-07 2.322E-07 2.322E-07 2.322E-07 2.322E-07 2.322E-07 2.322E-07 2.322E-07 2.322E-07 2.322E-07 2.322E-07 2.322E-07 2.322E-07 2.322E-07 2.322E-07 2.322E-07 2.322E-07 2.322E-07 2.322E-07 2.322E-07 2.322E-07 2.322E-07 2.322E-07 2.322E-07 2.322E-07 2.322E-07 2.322E-07 2.322E-07 2.322E-07 2.322E-07 2.322E-07 2.322E-07 2.322E-07 2.321E-07 2.321E-07 2.321E-07 2.321E-07 2.320E-07 2.319E-07 2.317E-07 2.315E-07 2.311E-07
 8.417E-08 8.417E-08 8.417E-08 8.417E-08 8.417E-08 8.417E-08 8.417E-08 8.417E-08 8.417E-08 8.417E-08 8.417E-08 8.417E-08 8.417E-08 8.417E-08 8.417E-08 8.417E-08 8.417E-08 8.417E-08 8.417E-08 8.417E-08 8.417E-08 8.417E-08 8.417E-08 8.417E-08 8.417E-08 8.417E-08 8.417E-08 8.417E-08 8.417E-08 8.417E-08 8.417E-08 8.417E-08 8.417E-08 8.417E-08 8.417E-08 8.417E-08 8.417E-08 8.416E-08 8.416E-08 8.415E-08 8.415E-08 8.413E-08 8.411E-08 8.407E-08 8.401E-08 8.392E-08 8.378E-08
