b(CO,H2,H) (km/s)    =   3.00 11.22 15.87
Tex(CO,H2) (K)       =  20.00 89.44
[12C]/[13C]          =  35
[16O]/[18O]          = 557
[18O]/[17O]          =   3.6
n[N(12CO)]           =  47
n[N(H2)]             =  42

CO shielding rates     (for parameters/values rows & columns: check legend file)
 1.000E+00 1.000E+00 1.000E+00 9.999E-01 9.999E-01 9.998E-01 9.997E-01 9.996E-01 9.994E-01 9.990E-01 9.984E-01 9.975E-01 9.960E-01 9.938E-01 9.902E-01 9.846E-01 9.759E-01 9.628E-01 9.432E-01 9.149E-01 8.760E-01 8.254E-01 7.639E-01 6.930E-01 6.136E-01 5.265E-01 4.344E-01 3.423E-01 2.563E-01 1.828E-01 1.255E-01 8.459E-02 5.693E-02 3.864E-02 2.664E-02 1.878E-02 1.353E-02 9.910E-03 7.347E-03 5.487E-03 4.104E-03 3.053E-03 2.237E-03 1.595E-03 1.101E-03 7.372E-04 4.871E-04
 8.592E-01 8.592E-01 8.592E-01 8.591E-01 8.591E-01 8.590E-01 8.589E-01 8.588E-01 8.586E-01 8.582E-01 8.577E-01 8.568E-01 8.554E-01 8.532E-01 8.498E-01 8.444E-01 8.361E-01 8.235E-01 8.048E-01 7.779E-01 7.412E-01 6.940E-01 6.375E-01 5.741E-01 5.052E-01 4.320E-01 3.570E-01 2.833E-01 2.146E-01 1.550E-01 1.079E-01 7.362E-02 5.016E-02 3.444E-02 2.399E-02 1.705E-02 1.234E-02 9.063E-03 6.720E-03 5.015E-03 3.754E-03 2.805E-03 2.071E-03 1.492E-03 1.041E-03 7.051E-04 4.698E-04
 8.539E-01 8.539E-01 8.539E-01 8.539E-01 8.538E-01 8.538E-01 8.537E-01 8.535E-01 8.533E-01 8.530E-01 8.524E-01 8.515E-01 8.501E-01 8.479E-01 8.445E-01 8.391E-01 8.308E-01 8.183E-01 7.996E-01 7.727E-01 7.360E-01 6.888E-01 6.325E-01 5.692E-01 5.005E-01 4.276E-01 3.530E-01 2.799E-01 2.119E-01 1.531E-01 1.066E-01 7.287E-02 4.973E-02 3.420E-02 2.386E-02 1.696E-02 1.228E-02 9.015E-03 6.681E-03 4.983E-03 3.728E-03 2.785E-03 2.057E-03 1.482E-03 1.035E-03 7.013E-04 4.675E-04
 8.484E-01 8.483E-01 8.483E-01 8.483E-01 8.483E-01 8.482E-01 8.481E-01 8.480E-01 8.478E-01 8.474E-01 8.468E-01 8.460E-01 8.446E-01 8.424E-01 8.389E-01 8.336E-01 8.253E-01 8.127E-01 7.941E-01 7.672E-01 7.305E-01 6.835E-01 6.272E-01 5.640E-01 4.956E-01 4.230E-01 3.489E-01 2.763E-01 2.091E-01 1.510E-01 1.052E-01 7.205E-02 4.927E-02 3.394E-02 2.371E-02 1.687E-02 1.221E-02 8.961E-03 6.637E-03 4.947E-03 3.700E-03 2.764E-03 2.041E-03 1.472E-03 1.028E-03 6.972E-04 4.650E-04
 8.427E-01 8.427E-01 8.427E-01 8.426E-01 8.426E-01 8.425E-01 8.425E-01 8.423E-01 8.421E-01 8.417E-01 8.412E-01 8.403E-01 8.389E-01 8.367E-01 8.333E-01 8.279E-01 8.197E-01 8.071E-01 7.884E-01 7.617E-01 7.250E-01 6.780E-01 6.218E-01 5.588E-01 4.906E-01 4.184E-01 3.447E-01 2.727E-01 2.062E-01 1.489E-01 1.038E-01 7.120E-02 4.877E-02 3.366E-02 2.355E-02 1.677E-02 1.214E-02 8.902E-03 6.589E-03 4.909E-03 3.671E-03 2.742E-03 2.026E-03 1.461E-03 1.021E-03 6.931E-04 4.626E-04
 8.371E-01 8.370E-01 8.370E-01 8.370E-01 8.370E-01 8.369E-01 8.368E-01 8.367E-01 8.365E-01 8.361E-01 8.355E-01 8.347E-01 8.333E-01 8.311E-01 8.277E-01 8.223E-01 8.141E-01 8.015E-01 7.829E-01 7.561E-01 7.195E-01 6.725E-01 6.165E-01 5.536E-01 4.856E-01 4.138E-01 3.405E-01 2.692E-01 2.034E-01 1.469E-01 1.025E-01 7.035E-02 4.826E-02 3.337E-02 2.338E-02 1.665E-02 1.206E-02 8.839E-03 6.539E-03 4.870E-03 3.641E-03 2.721E-03 2.011E-03 1.451E-03 1.015E-03 6.893E-04 4.603E-04
 8.315E-01 8.314E-01 8.314E-01 8.314E-01 8.314E-01 8.313E-01 8.312E-01 8.311E-01 8.309E-01 8.305E-01 8.300E-01 8.291E-01 8.277E-01 8.255E-01 8.221E-01 8.167E-01 8.085E-01 7.959E-01 7.773E-01 7.506E-01 7.140E-01 6.671E-01 6.112E-01 5.485E-01 4.808E-01 4.092E-01 3.365E-01 2.657E-01 2.006E-01 1.449E-01 1.011E-01 6.952E-02 4.776E-02 3.307E-02 2.320E-02 1.654E-02 1.197E-02 8.774E-03 6.488E-03 4.831E-03 3.613E-03 2.701E-03 1.997E-03 1.442E-03 1.009E-03 6.856E-04 4.581E-04
 8.178E-01 8.178E-01 8.178E-01 8.178E-01 8.177E-01 8.177E-01 8.176E-01 8.175E-01 8.172E-01 8.169E-01 8.163E-01 8.155E-01 8.141E-01 8.119E-01 8.085E-01 8.031E-01 7.949E-01 7.824E-01 7.638E-01 7.371E-01 7.006E-01 6.539E-01 5.981E-01 5.358E-01 4.685E-01 3.976E-01 3.258E-01 2.563E-01 1.927E-01 1.386E-01 9.642E-02 6.605E-02 4.521E-02 3.118E-02 2.180E-02 1.551E-02 1.121E-02 8.210E-03 6.061E-03 4.504E-03 3.365E-03 2.517E-03 1.863E-03 1.347E-03 9.428E-04 6.415E-04 4.301E-04
 8.104E-01 8.103E-01 8.103E-01 8.103E-01 8.103E-01 8.102E-01 8.101E-01 8.100E-01 8.098E-01 8.094E-01 8.089E-01 8.080E-01 8.066E-01 8.044E-01 8.010E-01 7.957E-01 7.874E-01 7.749E-01 7.564E-01 7.298E-01 6.933E-01 6.467E-01 5.911E-01 5.290E-01 4.621E-01 3.918E-01 3.206E-01 2.519E-01 1.893E-01 1.362E-01 9.481E-02 6.505E-02 4.460E-02 3.080E-02 2.156E-02 1.535E-02 1.110E-02 8.122E-03 5.994E-03 4.454E-03 3.329E-03 2.492E-03 1.846E-03 1.335E-03 9.353E-04 6.369E-04 4.272E-04
 8.033E-01 8.033E-01 8.033E-01 8.033E-01 8.033E-01 8.032E-01 8.031E-01 8.030E-01 8.027E-01 8.024E-01 8.018E-01 8.010E-01 7.996E-01 7.974E-01 7.940E-01 7.887E-01 7.805E-01 7.680E-01 7.495E-01 7.229E-01 6.866E-01 6.401E-01 5.847E-01 5.229E-01 4.563E-01 3.865E-01 3.160E-01 2.481E-01 1.864E-01 1.341E-01 9.344E-02 6.420E-02 4.407E-02 3.045E-02 2.132E-02 1.518E-02 1.098E-02 8.035E-03 5.929E-03 4.406E-03 3.295E-03 2.469E-03 1.831E-03 1.325E-03 9.284E-04 6.325E-04 4.245E-04
 7.963E-01 7.962E-01 7.962E-01 7.962E-01 7.962E-01 7.961E-01 7.960E-01 7.959E-01 7.957E-01 7.953E-01 7.948E-01 7.939E-01 7.925E-01 7.903E-01 7.869E-01 7.816E-01 7.734E-01 7.610E-01 7.425E-01 7.160E-01 6.798E-01 6.334E-01 5.783E-01 5.168E-01 4.507E-01 3.815E-01 3.117E-01 2.446E-01 1.836E-01 1.321E-01 9.215E-02 6.338E-02 4.353E-02 3.009E-02 2.107E-02 1.500E-02 1.085E-02 7.939E-03 5.859E-03 4.356E-03 3.261E-03 2.446E-03 1.815E-03 1.314E-03 9.214E-04 6.280E-04 4.216E-04
 7.888E-01 7.888E-01 7.888E-01 7.888E-01 7.887E-01 7.887E-01 7.886E-01 7.884E-01 7.882E-01 7.879E-01 7.873E-01 7.864E-01 7.851E-01 7.829E-01 7.795E-01 7.742E-01 7.660E-01 7.536E-01 7.352E-01 7.088E-01 6.727E-01 6.265E-01 5.716E-01 5.105E-01 4.450E-01 3.764E-01 3.074E-01 2.411E-01 1.810E-01 1.302E-01 9.086E-02 6.253E-02 4.296E-02 2.968E-02 2.077E-02 1.479E-02 1.070E-02 7.832E-03 5.783E-03 4.303E-03 3.225E-03 2.422E-03 1.800E-03 1.304E-03 9.143E-04 6.233E-04 4.186E-04
 7.808E-01 7.808E-01 7.808E-01 7.808E-01 7.807E-01 7.807E-01 7.806E-01 7.805E-01 7.802E-01 7.799E-01 7.793E-01 7.785E-01 7.771E-01 7.749E-01 7.716E-01 7.663E-01 7.581E-01 7.458E-01 7.274E-01 7.011E-01 6.651E-01 6.192E-01 5.646E-01 5.040E-01 4.391E-01 3.712E-01 3.030E-01 2.376E-01 1.783E-01 1.283E-01 8.954E-02 6.164E-02 4.234E-02 2.924E-02 2.045E-02 1.456E-02 1.053E-02 7.716E-03 5.702E-03 4.247E-03 3.188E-03 2.398E-03 1.784E-03 1.293E-03 9.070E-04 6.185E-04 4.155E-04
 7.725E-01 7.725E-01 7.724E-01 7.724E-01 7.724E-01 7.723E-01 7.722E-01 7.721E-01 7.719E-01 7.715E-01 7.710E-01 7.701E-01 7.688E-01 7.666E-01 7.632E-01 7.580E-01 7.499E-01 7.375E-01 7.192E-01 6.930E-01 6.572E-01 6.115E-01 5.573E-01 4.972E-01 4.329E-01 3.659E-01 2.986E-01 2.340E-01 1.756E-01 1.263E-01 8.816E-02 6.070E-02 4.168E-02 2.876E-02 2.011E-02 1.431E-02 1.036E-02 7.594E-03 5.618E-03 4.191E-03 3.151E-03 2.374E-03 1.768E-03 1.282E-03 8.998E-04 6.138E-04 4.123E-04
 7.642E-01 7.642E-01 7.642E-01 7.641E-01 7.641E-01 7.640E-01 7.640E-01 7.638E-01 7.636E-01 7.632E-01 7.627E-01 7.618E-01 7.605E-01 7.583E-01 7.550E-01 7.497E-01 7.416E-01 7.293E-01 7.111E-01 6.850E-01 6.494E-01 6.039E-01 5.501E-01 4.904E-01 4.268E-01 3.606E-01 2.941E-01 2.304E-01 1.728E-01 1.243E-01 8.673E-02 5.972E-02 4.100E-02 2.828E-02 1.975E-02 1.406E-02 1.018E-02 7.471E-03 5.535E-03 4.135E-03 3.114E-03 2.350E-03 1.752E-03 1.271E-03 8.926E-04 6.090E-04 4.092E-04
 7.565E-01 7.565E-01 7.565E-01 7.564E-01 7.564E-01 7.563E-01 7.563E-01 7.561E-01 7.559E-01 7.556E-01 7.550E-01 7.542E-01 7.528E-01 7.507E-01 7.473E-01 7.421E-01 7.340E-01 7.218E-01 7.036E-01 6.776E-01 6.421E-01 5.968E-01 5.433E-01 4.841E-01 4.210E-01 3.554E-01 2.897E-01 2.268E-01 1.700E-01 1.222E-01 8.524E-02 5.870E-02 4.030E-02 2.778E-02 1.939E-02 1.380E-02 1.000E-02 7.349E-03 5.452E-03 4.080E-03 3.078E-03 2.326E-03 1.735E-03 1.260E-03 8.853E-04 6.043E-04 4.062E-04
 7.496E-01 7.495E-01 7.495E-01 7.495E-01 7.495E-01 7.494E-01 7.493E-01 7.492E-01 7.490E-01 7.486E-01 7.481E-01 7.472E-01 7.459E-01 7.437E-01 7.404E-01 7.352E-01 7.271E-01 7.149E-01 6.968E-01 6.708E-01 6.354E-01 5.903E-01 5.370E-01 4.781E-01 4.154E-01 3.503E-01 2.853E-01 2.231E-01 1.670E-01 1.199E-01 8.364E-02 5.760E-02 3.954E-02 2.724E-02 1.901E-02 1.353E-02 9.817E-03 7.224E-03 5.369E-03 4.024E-03 3.041E-03 2.301E-03 1.718E-03 1.248E-03 8.777E-04 5.994E-04 4.030E-04
 7.430E-01 7.430E-01 7.429E-01 7.429E-01 7.429E-01 7.428E-01 7.427E-01 7.426E-01 7.424E-01 7.420E-01 7.415E-01 7.406E-01 7.393E-01 7.372E-01 7.338E-01 7.286E-01 7.206E-01 7.084E-01 6.903E-01 6.644E-01 6.291E-01 5.841E-01 5.309E-01 4.722E-01 4.098E-01 3.452E-01 2.806E-01 2.191E-01 1.637E-01 1.174E-01 8.185E-02 5.637E-02 3.870E-02 2.665E-02 1.860E-02 1.324E-02 9.617E-03 7.090E-03 5.279E-03 3.964E-03 3.000E-03 2.273E-03 1.699E-03 1.235E-03 8.691E-04 5.939E-04 3.995E-04
 7.361E-01 7.361E-01 7.361E-01 7.361E-01 7.360E-01 7.360E-01 7.359E-01 7.358E-01 7.355E-01 7.352E-01 7.347E-01 7.338E-01 7.324E-01 7.303E-01 7.270E-01 7.218E-01 7.138E-01 7.016E-01 6.835E-01 6.577E-01 6.224E-01 5.775E-01 5.245E-01 4.660E-01 4.039E-01 3.396E-01 2.756E-01 2.147E-01 1.601E-01 1.146E-01 7.979E-02 5.494E-02 3.772E-02 2.597E-02 1.812E-02 1.291E-02 9.395E-03 6.941E-03 5.180E-03 3.897E-03 2.954E-03 2.241E-03 1.677E-03 1.220E-03 8.590E-04 5.875E-04 3.954E-04
 7.285E-01 7.285E-01 7.285E-01 7.285E-01 7.284E-01 7.284E-01 7.283E-01 7.282E-01 7.279E-01 7.276E-01 7.271E-01 7.262E-01 7.249E-01 7.227E-01 7.194E-01 7.142E-01 7.062E-01 6.941E-01 6.760E-01 6.502E-01 6.151E-01 5.703E-01 5.175E-01 4.591E-01 3.973E-01 3.335E-01 2.699E-01 2.097E-01 1.559E-01 1.113E-01 7.736E-02 5.324E-02 3.656E-02 2.518E-02 1.757E-02 1.253E-02 9.139E-03 6.769E-03 5.064E-03 3.817E-03 2.899E-03 2.202E-03 1.650E-03 1.202E-03 8.467E-04 5.796E-04 3.903E-04
 7.198E-01 7.198E-01 7.198E-01 7.198E-01 7.197E-01 7.197E-01 7.196E-01 7.195E-01 7.192E-01 7.189E-01 7.184E-01 7.175E-01 7.162E-01 7.140E-01 7.107E-01 7.056E-01 6.976E-01 6.855E-01 6.675E-01 6.418E-01 6.067E-01 5.621E-01 5.095E-01 4.514E-01 3.899E-01 3.265E-01 2.635E-01 2.040E-01 1.511E-01 1.075E-01 7.451E-02 5.123E-02 3.518E-02 2.424E-02 1.693E-02 1.209E-02 8.839E-03 6.566E-03 4.925E-03 3.721E-03 2.831E-03 2.155E-03 1.616E-03 1.178E-03 8.314E-04 5.697E-04 3.840E-04
 7.097E-01 7.097E-01 7.097E-01 7.097E-01 7.097E-01 7.096E-01 7.095E-01 7.094E-01 7.092E-01 7.088E-01 7.083E-01 7.074E-01 7.061E-01 7.040E-01 7.007E-01 6.955E-01 6.876E-01 6.755E-01 6.577E-01 6.320E-01 5.972E-01 5.528E-01 5.004E-01 4.427E-01 3.816E-01 3.186E-01 2.563E-01 1.977E-01 1.457E-01 1.031E-01 7.124E-02 4.890E-02 3.358E-02 2.315E-02 1.619E-02 1.158E-02 8.486E-03 6.322E-03 4.756E-03 3.604E-03 2.748E-03 2.096E-03 1.574E-03 1.150E-03 8.121E-04 5.572E-04 3.760E-04
 6.979E-01 6.979E-01 6.979E-01 6.979E-01 6.979E-01 6.978E-01 6.977E-01 6.976E-01 6.974E-01 6.970E-01 6.965E-01 6.957E-01 6.943E-01 6.922E-01 6.889E-01 6.838E-01 6.759E-01 6.640E-01 6.462E-01 6.208E-01 5.861E-01 5.420E-01 4.900E-01 4.327E-01 3.722E-01 3.099E-01 2.484E-01 1.906E-01 1.397E-01 9.835E-02 6.759E-02 4.624E-02 3.172E-02 2.188E-02 1.532E-02 1.098E-02 8.066E-03 6.029E-03 4.551E-03 3.460E-03 2.646E-03 2.023E-03 1.523E-03 1.114E-03 7.881E-04 5.416E-04 3.659E-04
 6.838E-01 6.838E-01 6.838E-01 6.838E-01 6.837E-01 6.837E-01 6.836E-01 6.835E-01 6.833E-01 6.829E-01 6.824E-01 6.816E-01 6.802E-01 6.782E-01 6.749E-01 6.699E-01 6.620E-01 6.502E-01 6.326E-01 6.074E-01 5.731E-01 5.295E-01 4.780E-01 4.214E-01 3.615E-01 3.001E-01 2.395E-01 1.829E-01 1.332E-01 9.314E-02 6.360E-02 4.331E-02 2.965E-02 2.044E-02 1.432E-02 1.028E-02 7.571E-03 5.678E-03 4.305E-03 3.286E-03 2.523E-03 1.934E-03 1.459E-03 1.070E-03 7.585E-04 5.221E-04 3.533E-04
 6.664E-01 6.664E-01 6.664E-01 6.664E-01 6.663E-01 6.663E-01 6.662E-01 6.661E-01 6.659E-01 6.655E-01 6.650E-01 6.642E-01 6.629E-01 6.608E-01 6.576E-01 6.527E-01 6.450E-01 6.333E-01 6.160E-01 5.912E-01 5.574E-01 5.144E-01 4.638E-01 4.080E-01 3.492E-01 2.888E-01 2.295E-01 1.743E-01 1.261E-01 8.751E-02 5.932E-02 4.016E-02 2.740E-02 1.886E-02 1.321E-02 9.488E-03 7.001E-03 5.271E-03 4.016E-03 3.082E-03 2.377E-03 1.829E-03 1.384E-03 1.017E-03 7.225E-04 4.984E-04 3.379E-04
 6.444E-01 6.443E-01 6.443E-01 6.443E-01 6.443E-01 6.442E-01 6.442E-01 6.440E-01 6.438E-01 6.435E-01 6.430E-01 6.422E-01 6.409E-01 6.389E-01 6.358E-01 6.309E-01 6.234E-01 6.120E-01 5.951E-01 5.709E-01 5.379E-01 4.960E-01 4.465E-01 3.921E-01 3.346E-01 2.758E-01 2.181E-01 1.647E-01 1.184E-01 8.148E-02 5.480E-02 3.686E-02 2.503E-02 1.718E-02 1.200E-02 8.620E-03 6.369E-03 4.814E-03 3.690E-03 2.849E-03 2.210E-03 1.708E-03 1.296E-03 9.549E-04 6.799E-04 4.700E-04 3.196E-04
 6.159E-01 6.159E-01 6.159E-01 6.159E-01 6.159E-01 6.158E-01 6.157E-01 6.156E-01 6.154E-01 6.151E-01 6.146E-01 6.138E-01 6.126E-01 6.107E-01 6.077E-01 6.030E-01 5.958E-01 5.848E-01 5.685E-01 5.452E-01 5.134E-01 4.729E-01 4.252E-01 3.727E-01 3.172E-01 2.605E-01 2.051E-01 1.540E-01 1.099E-01 7.509E-02 5.011E-02 3.347E-02 2.260E-02 1.544E-02 1.075E-02 7.708E-03 5.700E-03 4.326E-03 3.337E-03 2.595E-03 2.025E-03 1.571E-03 1.196E-03 8.835E-04 6.304E-04 4.370E-04 2.981E-04
 5.787E-01 5.787E-01 5.786E-01 5.786E-01 5.786E-01 5.785E-01 5.785E-01 5.784E-01 5.782E-01 5.779E-01 5.774E-01 5.767E-01 5.755E-01 5.737E-01 5.709E-01 5.665E-01 5.597E-01 5.493E-01 5.339E-01 5.119E-01 4.819E-01 4.437E-01 3.985E-01 3.488E-01 2.962E-01 2.425E-01 1.900E-01 1.419E-01 1.007E-01 6.832E-02 4.527E-02 3.003E-02 2.015E-02 1.369E-02 9.485E-03 6.781E-03 5.018E-03 3.826E-03 2.971E-03 2.327E-03 1.826E-03 1.422E-03 1.086E-03 8.035E-04 5.746E-04 3.994E-04 2.736E-04
 5.293E-01 5.293E-01 5.293E-01 5.293E-01 5.293E-01 5.292E-01 5.291E-01 5.290E-01 5.289E-01 5.286E-01 5.282E-01 5.275E-01 5.265E-01 5.248E-01 5.222E-01 5.182E-01 5.120E-01 5.025E-01 4.885E-01 4.684E-01 4.410E-01 4.060E-01 3.645E-01 3.187E-01 2.702E-01 2.205E-01 1.722E-01 1.279E-01 9.032E-02 6.099E-02 4.020E-02 2.651E-02 1.767E-02 1.193E-02 8.216E-03 5.856E-03 4.339E-03 3.324E-03 2.599E-03 2.049E-03 1.616E-03 1.263E-03 9.663E-04 7.159E-04 5.127E-04 3.574E-04 2.459E-04
 4.644E-01 4.644E-01 4.644E-01 4.643E-01 4.643E-01 4.643E-01 4.642E-01 4.641E-01 4.640E-01 4.638E-01 4.634E-01 4.628E-01 4.619E-01 4.605E-01 4.582E-01 4.547E-01 4.494E-01 4.412E-01 4.290E-01 4.116E-01 3.877E-01 3.572E-01 3.209E-01 2.806E-01 2.377E-01 1.936E-01 1.506E-01 1.115E-01 7.841E-02 5.279E-02 3.470E-02 2.280E-02 1.512E-02 1.014E-02 6.950E-03 4.941E-03 3.668E-03 2.825E-03 2.224E-03 1.765E-03 1.398E-03 1.096E-03 8.389E-04 6.218E-04 4.455E-04 3.110E-04 2.149E-04
 3.820E-01 3.820E-01 3.820E-01 3.820E-01 3.820E-01 3.819E-01 3.819E-01 3.818E-01 3.817E-01 3.815E-01 3.812E-01 3.808E-01 3.800E-01 3.789E-01 3.771E-01 3.743E-01 3.700E-01 3.635E-01 3.538E-01 3.398E-01 3.207E-01 2.960E-01 2.665E-01 2.333E-01 1.977E-01 1.609E-01 1.249E-01 9.216E-02 6.470E-02 4.356E-02 2.866E-02 1.883E-02 1.247E-02 8.332E-03 5.687E-03 4.041E-03 3.010E-03 2.331E-03 1.847E-03 1.474E-03 1.173E-03 9.212E-04 7.052E-04 5.221E-04 3.735E-04 2.606E-04 1.807E-04
 2.856E-01 2.856E-01 2.856E-01 2.856E-01 2.856E-01 2.855E-01 2.855E-01 2.855E-01 2.854E-01 2.853E-01 2.851E-01 2.847E-01 2.842E-01 2.834E-01 2.822E-01 2.802E-01 2.772E-01 2.726E-01 2.657E-01 2.558E-01 2.422E-01 2.245E-01 2.030E-01 1.784E-01 1.516E-01 1.234E-01 9.575E-02 7.060E-02 4.963E-02 3.356E-02 2.223E-02 1.469E-02 9.751E-03 6.512E-03 4.441E-03 3.162E-03 2.367E-03 1.844E-03 1.470E-03 1.180E-03 9.432E-04 7.419E-04 5.675E-04 4.188E-04 2.983E-04 2.076E-04 1.444E-04
 1.864E-01 1.864E-01 1.864E-01 1.864E-01 1.864E-01 1.864E-01 1.864E-01 1.864E-01 1.863E-01 1.862E-01 1.861E-01 1.859E-01 1.856E-01 1.852E-01 1.845E-01 1.833E-01 1.816E-01 1.789E-01 1.749E-01 1.690E-01 1.609E-01 1.502E-01 1.369E-01 1.212E-01 1.036E-01 8.473E-02 6.591E-02 4.875E-02 3.450E-02 2.362E-02 1.588E-02 1.063E-02 7.110E-03 4.762E-03 3.253E-03 2.325E-03 1.751E-03 1.372E-03 1.100E-03 8.883E-04 7.132E-04 5.622E-04 4.294E-04 3.154E-04 2.232E-04 1.546E-04 1.077E-04
 1.019E-01 1.019E-01 1.019E-01 1.019E-01 1.019E-01 1.019E-01 1.019E-01 1.019E-01 1.019E-01 1.019E-01 1.018E-01 1.017E-01 1.016E-01 1.014E-01 1.011E-01 1.006E-01 9.978E-02 9.858E-02 9.677E-02 9.410E-02 9.032E-02 8.519E-02 7.858E-02 7.044E-02 6.086E-02 5.023E-02 3.939E-02 2.943E-02 2.117E-02 1.484E-02 1.024E-02 7.003E-03 4.739E-03 3.189E-03 2.184E-03 1.566E-03 1.185E-03 9.337E-04 7.523E-04 6.109E-04 4.931E-04 3.897E-04 2.973E-04 2.173E-04 1.526E-04 1.052E-04 7.352E-05
 4.555E-02 4.555E-02 4.555E-02 4.555E-02 4.555E-02 4.555E-02 4.554E-02 4.554E-02 4.553E-02 4.552E-02 4.551E-02 4.548E-02 4.544E-02 4.537E-02 4.527E-02 4.510E-02 4.485E-02 4.446E-02 4.385E-02 4.295E-02 4.163E-02 3.975E-02 3.719E-02 3.384E-02 2.967E-02 2.484E-02 1.978E-02 1.508E-02 1.117E-02 8.126E-03 5.821E-03 4.088E-03 2.803E-03 1.892E-03 1.294E-03 9.286E-04 7.043E-04 5.564E-04 4.503E-04 3.678E-04 2.985E-04 2.367E-04 1.806E-04 1.316E-04 9.208E-05 6.344E-05 4.477E-05
 1.667E-02 1.667E-02 1.667E-02 1.667E-02 1.667E-02 1.667E-02 1.667E-02 1.667E-02 1.667E-02 1.667E-02 1.666E-02 1.666E-02 1.665E-02 1.663E-02 1.660E-02 1.656E-02 1.649E-02 1.639E-02 1.623E-02 1.598E-02 1.560E-02 1.505E-02 1.424E-02 1.314E-02 1.169E-02 9.967E-03 8.122E-03 6.389E-03 4.933E-03 3.763E-03 2.807E-03 2.022E-03 1.398E-03 9.408E-04 6.389E-04 4.557E-04 3.450E-04 2.729E-04 2.216E-04 1.821E-04 1.486E-04 1.185E-04 9.081E-05 6.645E-05 4.683E-05 3.275E-05 2.375E-05
 4.839E-03 4.839E-03 4.839E-03 4.839E-03 4.839E-03 4.839E-03 4.839E-03 4.839E-03 4.838E-03 4.838E-03 4.837E-03 4.835E-03 4.833E-03 4.829E-03 4.822E-03 4.812E-03 4.797E-03 4.772E-03 4.734E-03 4.674E-03 4.582E-03 4.443E-03 4.240E-03 3.954E-03 3.575E-03 3.116E-03 2.620E-03 2.148E-03 1.739E-03 1.387E-03 1.068E-03 7.805E-04 5.399E-04 3.601E-04 2.416E-04 1.706E-04 1.287E-04 1.019E-04 8.321E-05 6.889E-05 5.680E-05 4.584E-05 3.572E-05 2.678E-05 1.955E-05 1.437E-05 1.112E-05
 9.575E-04 9.575E-04 9.574E-04 9.574E-04 9.574E-04 9.574E-04 9.574E-04 9.574E-04 9.573E-04 9.572E-04 9.570E-04 9.568E-04 9.564E-04 9.558E-04 9.548E-04 9.532E-04 9.507E-04 9.468E-04 9.407E-04 9.312E-04 9.166E-04 8.945E-04 8.620E-04 8.159E-04 7.545E-04 6.790E-04 5.955E-04 5.123E-04 4.336E-04 3.572E-04 2.802E-04 2.062E-04 1.424E-04 9.451E-05 6.323E-05 4.477E-05 3.408E-05 2.741E-05 2.282E-05 1.932E-05 1.637E-05 1.369E-05 1.122E-05 9.023E-06 7.228E-06 5.928E-06 5.104E-06
 1.058E-04 1.058E-04 1.058E-04 1.058E-04 1.058E-04 1.058E-04 1.058E-04 1.058E-04 1.058E-04 1.058E-04 1.058E-04 1.058E-04 1.058E-04 1.057E-04 1.056E-04 1.055E-04 1.054E-04 1.051E-04 1.047E-04 1.040E-04 1.030E-04 1.015E-04 9.928E-05 9.604E-05 9.161E-05 8.591E-05 7.910E-05 7.140E-05 6.283E-05 5.315E-05 4.250E-05 3.182E-05 2.250E-05 1.553E-05 1.100E-05 8.347E-06 6.829E-06 5.891E-06 5.245E-06 4.747E-06 4.320E-06 3.929E-06 3.564E-06 3.234E-06 2.954E-06 2.740E-06 2.595E-06
 6.283E-06 6.282E-06 6.282E-06 6.282E-06 6.282E-06 6.282E-06 6.282E-06 6.282E-06 6.282E-06 6.282E-06 6.282E-06 6.281E-06 6.281E-06 6.280E-06 6.279E-06 6.276E-06 6.273E-06 6.267E-06 6.258E-06 6.243E-06 6.221E-06 6.186E-06 6.134E-06 6.054E-06 5.938E-06 5.773E-06 5.545E-06 5.238E-06 4.836E-06 4.331E-06 3.744E-06 3.141E-06 2.607E-06 2.206E-06 1.944E-06 1.791E-06 1.702E-06 1.646E-06 1.607E-06 1.574E-06 1.545E-06 1.517E-06 1.489E-06 1.463E-06 1.438E-06 1.417E-06 1.400E-06
 7.843E-07 7.843E-07 7.843E-07 7.843E-07 7.843E-07 7.843E-07 7.843E-07 7.843E-07 7.843E-07 7.843E-07 7.843E-07 7.843E-07 7.843E-07 7.843E-07 7.843E-07 7.842E-07 7.842E-07 7.842E-07 7.841E-07 7.840E-07 7.838E-07 7.836E-07 7.831E-07 7.825E-07 7.815E-07 7.800E-07 7.777E-07 7.744E-07 7.697E-07 7.637E-07 7.565E-07 7.490E-07 7.422E-07 7.369E-07 7.335E-07 7.314E-07 7.301E-07 7.293E-07 7.286E-07 7.279E-07 7.272E-07 7.264E-07 7.256E-07 7.245E-07 7.233E-07 7.219E-07 7.202E-07
 3.259E-07 3.259E-07 3.259E-07 3.259E-07 3.259E-07 3.259E-07 3.259E-07 3.259E-07 3.259E-07 3.259E-07 3.259E-07 3.259E-07 3.259E-07 3.259E-07 3.259E-07 3.259E-07 3.259E-07 3.259E-07 3.259E-07 3.259E-07 3.259E-07 3.259E-07 3.259E-07 3.259E-07 3.259E-07 3.259E-07 3.259E-07 3.259E-07 3.259E-07 3.258E-07 3.258E-07 3.258E-07 3.258E-07 3.258E-07 3.258E-07 3.258E-07 3.258E-07 3.258E-07 3.258E-07 3.257E-07 3.257E-07 3.257E-07 3.256E-07 3.254E-07 3.252E-07 3.249E-07 3.244E-07
