Legend of CO shielding tables

N(CO) - rows       N(H2) - columns
 1.000E+00      1.000E+00
 1.000E+10      1.000E+15
 1.585E+10      1.585E+15
 2.512E+10      2.512E+15
 3.981E+10      3.981E+15
 6.310E+10      6.310E+15
 1.000E+11      1.000E+16
 1.585E+11      1.585E+16
 2.512E+11      2.512E+16
 3.981E+11      3.981E+16
 6.310E+11      6.310E+16
 1.000E+12      1.000E+17
 1.585E+12      1.585E+17
 2.512E+12      2.512E+17
 3.981E+12      3.981E+17
 6.310E+12      6.310E+17
 1.000E+13      1.000E+18
 1.585E+13      1.585E+18
 2.512E+13      2.512E+18
 3.981E+13      3.981E+18
 6.310E+13      6.310E+18
 1.000E+14      1.000E+19
 1.585E+14      1.585E+19
 2.512E+14      2.512E+19
 3.981E+14      3.981E+19
 6.310E+14      6.310E+19
 1.000E+15      1.000E+20
 1.585E+15      1.585E+20
 2.512E+15      2.512E+20
 3.981E+15      3.981E+20
 6.310E+15      6.310E+20
 1.000E+16      1.000E+21
 1.585E+16      1.585E+21
 2.512E+16      2.512E+21
 3.981E+16      3.981E+21
 6.310E+16      6.310E+21
 1.000E+17      1.000E+22
 1.585E+17      1.585E+22
 2.512E+17      2.512E+22
 3.981E+17      3.981E+22
 6.310E+17      6.310E+22
 1.000E+18      1.000E+23
 1.585E+18
 2.512E+18
 3.981E+18
 6.310E+18
 1.000E+19
