b(CO,H2,H) (km/s)    =   3.00 11.22 15.87
Tex(CO,H2) (K)       =   100.00 1000.00
[12C]/[13C]          =  35
[16O]/[18O]          = 557
[18O]/[17O]          =   3.6
n[N(12CO)]           =  47
n[N(H2)]             =  42
N(12CO)
 1.000E+00
 1.000E+10
 1.585E+10
 2.512E+10
 3.981E+10
 6.310E+10
 1.000E+11
 1.585E+11
 2.512E+11
 3.981E+11
 6.310E+11
 1.000E+12
 1.585E+12
 2.512E+12
 3.981E+12
 6.310E+12
 1.000E+13
 1.585E+13
 2.512E+13
 3.981E+13
 6.310E+13
 1.000E+14
 1.585E+14
 2.512E+14
 3.981E+14
 6.310E+14
 1.000E+15
 1.585E+15
 2.512E+15
 3.981E+15
 6.310E+15
 1.000E+16
 1.585E+16
 2.512E+16
 3.981E+16
 6.310E+16
 1.000E+17
 1.585E+17
 2.512E+17
 3.981E+17
 6.310E+17
 1.000E+18
 1.585E+18
 2.512E+18
 3.981E+18
 6.310E+18
 1.000E+19
N(H2)
 1.000E+00
 1.000E+15
 1.585E+15
 2.512E+15
 3.981E+15
 6.310E+15
 1.000E+16
 1.585E+16
 2.512E+16
 3.981E+16
 6.310E+16
 1.000E+17
 1.585E+17
 2.512E+17
 3.981E+17
 6.310E+17
 1.000E+18
 1.585E+18
 2.512E+18
 3.981E+18
 6.310E+18
 1.000E+19
 1.585E+19
 2.512E+19
 3.981E+19
 6.310E+19
 1.000E+20
 1.585E+20
 2.512E+20
 3.981E+20
 6.310E+20
 1.000E+21
 1.585E+21
 2.512E+21
 3.981E+21
 6.310E+21
 1.000E+22
 1.585E+22
 2.512E+22
 3.981E+22
 6.310E+22
 1.000E+23
12C16O
 1.000E+00 1.000E+00 1.000E+00 1.000E+00 9.999E-01 9.999E-01 9.998E-01 9.997E-01 9.996E-01 9.994E-01
 9.990E-01 9.984E-01 9.974E-01 9.960E-01 9.937E-01 9.900E-01 9.844E-01 9.758E-01 9.628E-01 9.439E-01
 9.175E-01 8.825E-01 8.394E-01 7.893E-01 7.323E-01 6.654E-01 5.860E-01 4.956E-01 4.001E-01 3.071E-01
 2.236E-01 1.550E-01 1.033E-01 6.731E-02 4.334E-02 2.784E-02 1.811E-02 1.205E-02 8.192E-03 5.650E-03
 3.942E-03 2.779E-03 1.966E-03 1.382E-03 9.584E-04 6.538E-04 4.433E-04
 8.703E-01 8.703E-01 8.703E-01 8.703E-01 8.703E-01 8.702E-01 8.702E-01 8.701E-01 8.699E-01 8.697E-01
 8.693E-01 8.688E-01 8.679E-01 8.664E-01 8.642E-01 8.607E-01 8.553E-01 8.469E-01 8.345E-01 8.163E-01
 7.911E-01 7.579E-01 7.176E-01 6.718E-01 6.210E-01 5.630E-01 4.956E-01 4.200E-01 3.408E-01 2.637E-01
 1.939E-01 1.355E-01 9.097E-02 5.969E-02 3.870E-02 2.501E-02 1.634E-02 1.092E-02 7.452E-03 5.165E-03
 3.624E-03 2.569E-03 1.830E-03 1.297E-03 9.075E-04 6.247E-04 4.261E-04
 8.617E-01 8.617E-01 8.617E-01 8.617E-01 8.617E-01 8.616E-01 8.616E-01 8.615E-01 8.613E-01 8.611E-01
 8.608E-01 8.602E-01 8.593E-01 8.579E-01 8.556E-01 8.521E-01 8.467E-01 8.384E-01 8.260E-01 8.078E-01
 7.826E-01 7.496E-01 7.095E-01 6.639E-01 6.134E-01 5.558E-01 4.890E-01 4.141E-01 3.357E-01 2.596E-01
 1.908E-01 1.333E-01 8.956E-02 5.883E-02 3.818E-02 2.466E-02 1.610E-02 1.075E-02 7.341E-03 5.091E-03
 3.574E-03 2.535E-03 1.806E-03 1.280E-03 8.961E-04 6.172E-04 4.213E-04
 8.509E-01 8.508E-01 8.508E-01 8.508E-01 8.508E-01 8.508E-01 8.507E-01 8.506E-01 8.505E-01 8.502E-01
 8.499E-01 8.493E-01 8.484E-01 8.470E-01 8.447E-01 8.413E-01 8.358E-01 8.276E-01 8.152E-01 7.971E-01
 7.720E-01 7.391E-01 6.991E-01 6.539E-01 6.038E-01 5.468E-01 4.808E-01 4.068E-01 3.295E-01 2.545E-01
 1.869E-01 1.306E-01 8.780E-02 5.774E-02 3.750E-02 2.422E-02 1.580E-02 1.054E-02 7.199E-03 4.997E-03
 3.511E-03 2.491E-03 1.775E-03 1.258E-03 8.813E-04 6.074E-04 4.151E-04
 8.377E-01 8.377E-01 8.377E-01 8.377E-01 8.377E-01 8.376E-01 8.376E-01 8.375E-01 8.373E-01 8.371E-01
 8.368E-01 8.362E-01 8.353E-01 8.339E-01 8.316E-01 8.282E-01 8.228E-01 8.145E-01 8.022E-01 7.842E-01
 7.592E-01 7.264E-01 6.867E-01 6.418E-01 5.923E-01 5.361E-01 4.710E-01 3.981E-01 3.221E-01 2.486E-01
 1.824E-01 1.274E-01 8.571E-02 5.643E-02 3.666E-02 2.366E-02 1.542E-02 1.028E-02 7.024E-03 4.881E-03
 3.434E-03 2.438E-03 1.737E-03 1.232E-03 8.630E-04 5.954E-04 4.075E-04
 8.226E-01 8.225E-01 8.225E-01 8.225E-01 8.225E-01 8.225E-01 8.224E-01 8.223E-01 8.222E-01 8.219E-01
 8.216E-01 8.210E-01 8.201E-01 8.187E-01 8.165E-01 8.130E-01 8.076E-01 7.994E-01 7.871E-01 7.692E-01
 7.443E-01 7.118E-01 6.724E-01 6.280E-01 5.791E-01 5.238E-01 4.598E-01 3.883E-01 3.138E-01 2.418E-01
 1.772E-01 1.238E-01 8.330E-02 5.489E-02 3.568E-02 2.301E-02 1.497E-02 9.980E-03 6.823E-03 4.748E-03
 3.344E-03 2.376E-03 1.693E-03 1.201E-03 8.418E-04 5.816E-04 3.987E-04
 8.057E-01 8.057E-01 8.057E-01 8.056E-01 8.056E-01 8.056E-01 8.055E-01 8.054E-01 8.053E-01 8.051E-01
 8.047E-01 8.041E-01 8.033E-01 8.018E-01 7.996E-01 7.962E-01 7.908E-01 7.827E-01 7.704E-01 7.526E-01
 7.279E-01 6.956E-01 6.566E-01 6.126E-01 5.645E-01 5.102E-01 4.474E-01 3.774E-01 3.045E-01 2.343E-01
 1.716E-01 1.198E-01 8.064E-02 5.318E-02 3.457E-02 2.228E-02 1.448E-02 9.649E-03 6.602E-03 4.603E-03
 3.247E-03 2.308E-03 1.645E-03 1.166E-03 8.183E-04 5.663E-04 3.890E-04
 7.876E-01 7.876E-01 7.876E-01 7.876E-01 7.876E-01 7.875E-01 7.875E-01 7.874E-01 7.872E-01 7.870E-01
 7.867E-01 7.861E-01 7.852E-01 7.838E-01 7.816E-01 7.782E-01 7.729E-01 7.647E-01 7.526E-01 7.349E-01
 7.103E-01 6.782E-01 6.396E-01 5.962E-01 5.488E-01 4.955E-01 4.341E-01 3.656E-01 2.946E-01 2.263E-01
 1.654E-01 1.154E-01 7.778E-02 5.135E-02 3.339E-02 2.151E-02 1.397E-02 9.303E-03 6.374E-03 4.453E-03
 3.146E-03 2.238E-03 1.594E-03 1.130E-03 7.937E-04 5.503E-04 3.789E-04
 7.692E-01 7.691E-01 7.691E-01 7.691E-01 7.691E-01 7.691E-01 7.690E-01 7.689E-01 7.688E-01 7.685E-01
 7.682E-01 7.676E-01 7.667E-01 7.654E-01 7.632E-01 7.597E-01 7.545E-01 7.464E-01 7.342E-01 7.167E-01
 6.922E-01 6.604E-01 6.221E-01 5.792E-01 5.326E-01 4.803E-01 4.202E-01 3.534E-01 2.841E-01 2.179E-01
 1.591E-01 1.110E-01 7.482E-02 4.945E-02 3.217E-02 2.071E-02 1.344E-02 8.956E-03 6.147E-03 4.303E-03
 3.045E-03 2.167E-03 1.543E-03 1.094E-03 7.689E-04 5.340E-04 3.685E-04
 7.511E-01 7.511E-01 7.511E-01 7.511E-01 7.511E-01 7.511E-01 7.510E-01 7.509E-01 7.508E-01 7.505E-01
 7.502E-01 7.496E-01 7.488E-01 7.474E-01 7.452E-01 7.418E-01 7.365E-01 7.285E-01 7.164E-01 6.989E-01
 6.746E-01 6.430E-01 6.050E-01 5.626E-01 5.166E-01 4.653E-01 4.064E-01 3.411E-01 2.737E-01 2.094E-01
 1.527E-01 1.065E-01 7.185E-02 4.754E-02 3.095E-02 1.992E-02 1.292E-02 8.615E-03 5.925E-03 4.158E-03
 2.947E-03 2.098E-03 1.494E-03 1.059E-03 7.446E-04 5.179E-04 3.581E-04
 7.341E-01 7.341E-01 7.341E-01 7.341E-01 7.341E-01 7.340E-01 7.340E-01 7.339E-01 7.338E-01 7.335E-01
 7.332E-01 7.326E-01 7.318E-01 7.304E-01 7.282E-01 7.248E-01 7.195E-01 7.115E-01 6.995E-01 6.821E-01
 6.579E-01 6.264E-01 5.887E-01 5.466E-01 5.013E-01 4.507E-01 3.929E-01 3.290E-01 2.634E-01 2.011E-01
 1.465E-01 1.021E-01 6.895E-02 4.567E-02 2.973E-02 1.913E-02 1.241E-02 8.285E-03 5.710E-03 4.016E-03
 2.851E-03 2.031E-03 1.446E-03 1.025E-03 7.212E-04 5.022E-04 3.479E-04
 7.181E-01 7.181E-01 7.181E-01 7.181E-01 7.181E-01 7.180E-01 7.180E-01 7.179E-01 7.177E-01 7.175E-01
 7.172E-01 7.166E-01 7.157E-01 7.144E-01 7.122E-01 7.088E-01 7.036E-01 6.956E-01 6.836E-01 6.662E-01
 6.421E-01 6.108E-01 5.732E-01 5.315E-01 4.867E-01 4.368E-01 3.800E-01 3.175E-01 2.535E-01 1.931E-01
 1.404E-01 9.787E-02 6.613E-02 4.382E-02 2.854E-02 1.836E-02 1.191E-02 7.964E-03 5.502E-03 3.879E-03
 2.759E-03 1.967E-03 1.400E-03 9.928E-04 6.986E-04 4.870E-04 3.380E-04
 7.028E-01 7.028E-01 7.028E-01 7.028E-01 7.028E-01 7.027E-01 7.027E-01 7.026E-01 7.024E-01 7.022E-01
 7.019E-01 7.013E-01 7.004E-01 6.991E-01 6.969E-01 6.935E-01 6.883E-01 6.803E-01 6.684E-01 6.510E-01
 6.270E-01 5.958E-01 5.585E-01 5.171E-01 4.727E-01 4.235E-01 3.677E-01 3.064E-01 2.440E-01 1.854E-01
 1.346E-01 9.374E-02 6.336E-02 4.200E-02 2.735E-02 1.759E-02 1.142E-02 7.651E-03 5.298E-03 3.744E-03
 2.668E-03 1.904E-03 1.356E-03 9.612E-04 6.768E-04 4.723E-04 3.283E-04
 6.878E-01 6.877E-01 6.877E-01 6.877E-01 6.877E-01 6.877E-01 6.876E-01 6.875E-01 6.874E-01 6.872E-01
 6.868E-01 6.863E-01 6.854E-01 6.840E-01 6.819E-01 6.785E-01 6.733E-01 6.653E-01 6.534E-01 6.361E-01
 6.122E-01 5.811E-01 5.440E-01 5.029E-01 4.590E-01 4.105E-01 3.556E-01 2.956E-01 2.347E-01 1.779E-01
 1.289E-01 8.967E-02 6.061E-02 4.020E-02 2.618E-02 1.684E-02 1.095E-02 7.344E-03 5.095E-03 3.609E-03
 2.577E-03 1.841E-03 1.311E-03 9.298E-04 6.551E-04 4.577E-04 3.186E-04
 6.723E-01 6.722E-01 6.722E-01 6.722E-01 6.722E-01 6.722E-01 6.721E-01 6.720E-01 6.719E-01 6.717E-01
 6.713E-01 6.708E-01 6.699E-01 6.685E-01 6.664E-01 6.630E-01 6.578E-01 6.499E-01 6.380E-01 6.208E-01
 5.969E-01 5.661E-01 5.291E-01 4.884E-01 4.450E-01 3.972E-01 3.434E-01 2.847E-01 2.254E-01 1.704E-01
 1.232E-01 8.562E-02 5.787E-02 3.839E-02 2.501E-02 1.611E-02 1.048E-02 7.040E-03 4.893E-03 3.473E-03
 2.484E-03 1.776E-03 1.265E-03 8.974E-04 6.327E-04 4.427E-04 3.088E-04
 6.557E-01 6.557E-01 6.557E-01 6.556E-01 6.556E-01 6.556E-01 6.555E-01 6.554E-01 6.553E-01 6.551E-01
 6.547E-01 6.542E-01 6.533E-01 6.520E-01 6.498E-01 6.465E-01 6.413E-01 6.334E-01 6.216E-01 6.044E-01
 5.807E-01 5.499E-01 5.133E-01 4.729E-01 4.301E-01 3.832E-01 3.305E-01 2.733E-01 2.158E-01 1.627E-01
 1.174E-01 8.152E-02 5.511E-02 3.658E-02 2.385E-02 1.537E-02 1.002E-02 6.736E-03 4.687E-03 3.331E-03
 2.385E-03 1.707E-03 1.216E-03 8.627E-04 6.087E-04 4.266E-04 2.982E-04
 6.377E-01 6.377E-01 6.377E-01 6.377E-01 6.376E-01 6.376E-01 6.375E-01 6.375E-01 6.373E-01 6.371E-01
 6.367E-01 6.362E-01 6.353E-01 6.340E-01 6.318E-01 6.285E-01 6.234E-01 6.155E-01 6.037E-01 5.866E-01
 5.630E-01 5.325E-01 4.961E-01 4.562E-01 4.141E-01 3.681E-01 3.167E-01 2.612E-01 2.057E-01 1.547E-01
 1.114E-01 7.733E-02 5.231E-02 3.475E-02 2.267E-02 1.463E-02 9.540E-03 6.421E-03 4.471E-03 3.180E-03
 2.280E-03 1.633E-03 1.163E-03 8.250E-04 5.826E-04 4.090E-04 2.866E-04
 6.182E-01 6.182E-01 6.182E-01 6.182E-01 6.182E-01 6.181E-01 6.181E-01 6.180E-01 6.179E-01 6.176E-01
 6.173E-01 6.168E-01 6.159E-01 6.145E-01 6.124E-01 6.091E-01 6.040E-01 5.961E-01 5.844E-01 5.674E-01
 5.440E-01 5.137E-01 4.776E-01 4.383E-01 3.968E-01 3.520E-01 3.021E-01 2.484E-01 1.951E-01 1.463E-01
 1.052E-01 7.301E-02 4.943E-02 3.286E-02 2.145E-02 1.385E-02 9.038E-03 6.087E-03 4.239E-03 3.017E-03
 2.165E-03 1.551E-03 1.105E-03 7.834E-04 5.537E-04 3.896E-04 2.738E-04
 5.976E-01 5.976E-01 5.976E-01 5.976E-01 5.976E-01 5.975E-01 5.975E-01 5.974E-01 5.973E-01 5.970E-01
 5.967E-01 5.962E-01 5.953E-01 5.940E-01 5.918E-01 5.885E-01 5.834E-01 5.756E-01 5.640E-01 5.471E-01
 5.238E-01 4.937E-01 4.581E-01 4.193E-01 3.787E-01 3.350E-01 2.867E-01 2.350E-01 1.840E-01 1.376E-01
 9.880E-02 6.855E-02 4.643E-02 3.089E-02 2.016E-02 1.302E-02 8.501E-03 5.726E-03 3.988E-03 2.840E-03
 2.039E-03 1.461E-03 1.041E-03 7.379E-04 5.221E-04 3.683E-04 2.597E-04
 5.762E-01 5.762E-01 5.762E-01 5.762E-01 5.762E-01 5.761E-01 5.761E-01 5.760E-01 5.759E-01 5.756E-01
 5.753E-01 5.748E-01 5.739E-01 5.726E-01 5.705E-01 5.672E-01 5.621E-01 5.544E-01 5.428E-01 5.260E-01
 5.029E-01 4.731E-01 4.379E-01 3.996E-01 3.599E-01 3.174E-01 2.707E-01 2.212E-01 1.725E-01 1.287E-01
 9.224E-02 6.397E-02 4.334E-02 2.883E-02 1.881E-02 1.214E-02 7.925E-03 5.337E-03 3.717E-03 2.647E-03
 1.902E-03 1.364E-03 9.712E-04 6.889E-04 4.881E-04 3.453E-04 2.444E-04
 5.540E-01 5.540E-01 5.539E-01 5.539E-01 5.539E-01 5.539E-01 5.538E-01 5.537E-01 5.536E-01 5.534E-01
 5.530E-01 5.525E-01 5.517E-01 5.503E-01 5.482E-01 5.450E-01 5.399E-01 5.322E-01 5.207E-01 5.041E-01
 4.812E-01 4.516E-01 4.168E-01 3.792E-01 3.404E-01 2.992E-01 2.542E-01 2.068E-01 1.607E-01 1.195E-01
 8.549E-02 5.925E-02 4.014E-02 2.668E-02 1.739E-02 1.121E-02 7.313E-03 4.923E-03 3.428E-03 2.442E-03
 1.755E-03 1.260E-03 8.973E-04 6.369E-04 4.521E-04 3.210E-04 2.281E-04
 5.302E-01 5.302E-01 5.302E-01 5.301E-01 5.301E-01 5.301E-01 5.300E-01 5.300E-01 5.298E-01 5.296E-01
 5.293E-01 5.287E-01 5.279E-01 5.266E-01 5.245E-01 5.213E-01 5.163E-01 5.086E-01 4.972E-01 4.807E-01
 4.580E-01 4.288E-01 3.945E-01 3.576E-01 3.197E-01 2.799E-01 2.367E-01 1.917E-01 1.482E-01 1.098E-01
 7.842E-02 5.433E-02 3.679E-02 2.443E-02 1.590E-02 1.023E-02 6.671E-03 4.488E-03 3.124E-03 2.225E-03
 1.601E-03 1.150E-03 8.198E-04 5.826E-04 4.147E-04 2.956E-04 2.110E-04
 5.042E-01 5.042E-01 5.041E-01 5.041E-01 5.041E-01 5.041E-01 5.040E-01 5.039E-01 5.038E-01 5.036E-01
 5.033E-01 5.027E-01 5.019E-01 5.006E-01 4.985E-01 4.953E-01 4.904E-01 4.828E-01 4.715E-01 4.552E-01
 4.327E-01 4.039E-01 3.702E-01 3.341E-01 2.973E-01 2.590E-01 2.180E-01 1.755E-01 1.349E-01 9.956E-02
 7.092E-02 4.910E-02 3.324E-02 2.205E-02 1.432E-02 9.207E-03 5.997E-03 4.032E-03 2.805E-03 1.999E-03
 1.439E-03 1.035E-03 7.394E-04 5.267E-04 3.763E-04 2.695E-04 1.932E-04
 4.759E-01 4.759E-01 4.759E-01 4.759E-01 4.758E-01 4.758E-01 4.757E-01 4.757E-01 4.755E-01 4.753E-01
 4.750E-01 4.745E-01 4.737E-01 4.724E-01 4.703E-01 4.672E-01 4.623E-01 4.548E-01 4.436E-01 4.275E-01
 4.054E-01 3.771E-01 3.440E-01 3.088E-01 2.733E-01 2.368E-01 1.980E-01 1.582E-01 1.208E-01 8.866E-02
 6.294E-02 4.351E-02 2.943E-02 1.950E-02 1.264E-02 8.116E-03 5.282E-03 3.551E-03 2.471E-03 1.762E-03
 1.270E-03 9.159E-04 6.562E-04 4.695E-04 3.372E-04 2.428E-04 1.749E-04
 4.457E-01 4.457E-01 4.457E-01 4.457E-01 4.457E-01 4.456E-01 4.456E-01 4.455E-01 4.454E-01 4.452E-01
 4.448E-01 4.443E-01 4.435E-01 4.422E-01 4.402E-01 4.371E-01 4.323E-01 4.249E-01 4.140E-01 3.982E-01
 3.764E-01 3.487E-01 3.164E-01 2.823E-01 2.482E-01 2.136E-01 1.772E-01 1.404E-01 1.062E-01 7.726E-02
 5.452E-02 3.756E-02 2.535E-02 1.676E-02 1.085E-02 6.951E-03 4.522E-03 3.042E-03 2.119E-03 1.513E-03
 1.094E-03 7.922E-04 5.706E-04 4.109E-04 2.973E-04 2.155E-04 1.560E-04
 4.138E-01 4.138E-01 4.138E-01 4.138E-01 4.138E-01 4.138E-01 4.137E-01 4.136E-01 4.135E-01 4.133E-01
 4.130E-01 4.125E-01 4.117E-01 4.104E-01 4.085E-01 4.054E-01 4.007E-01 3.935E-01 3.828E-01 3.673E-01
 3.461E-01 3.191E-01 2.877E-01 2.548E-01 2.224E-01 1.898E-01 1.559E-01 1.221E-01 9.121E-02 6.554E-02
 4.577E-02 3.130E-02 2.102E-02 1.386E-02 8.946E-03 5.725E-03 3.724E-03 2.509E-03 1.753E-03 1.256E-03
 9.129E-04 6.651E-04 4.830E-04 3.512E-04 2.565E-04 1.873E-04 1.362E-04
 3.800E-01 3.800E-01 3.800E-01 3.800E-01 3.800E-01 3.800E-01 3.799E-01 3.798E-01 3.797E-01 3.795E-01
 3.792E-01 3.787E-01 3.779E-01 3.767E-01 3.748E-01 3.719E-01 3.673E-01 3.603E-01 3.499E-01 3.349E-01
 3.143E-01 2.882E-01 2.580E-01 2.266E-01 1.960E-01 1.656E-01 1.345E-01 1.038E-01 7.623E-02 5.380E-02
 3.697E-02 2.496E-02 1.662E-02 1.090E-02 7.014E-03 4.483E-03 2.921E-03 1.976E-03 1.387E-03 9.995E-04
 7.312E-04 5.377E-04 3.951E-04 2.910E-04 2.151E-04 1.584E-04 1.157E-04
 3.439E-01 3.439E-01 3.439E-01 3.439E-01 3.439E-01 3.439E-01 3.438E-01 3.437E-01 3.436E-01 3.434E-01
 3.431E-01 3.427E-01 3.419E-01 3.408E-01 3.389E-01 3.361E-01 3.317E-01 3.250E-01 3.150E-01 3.007E-01
 2.810E-01 2.561E-01 2.274E-01 1.978E-01 1.692E-01 1.414E-01 1.133E-01 8.593E-02 6.177E-02 4.257E-02
 2.857E-02 1.891E-02 1.241E-02 8.069E-03 5.171E-03 3.303E-03 2.160E-03 1.471E-03 1.040E-03 7.551E-04
 5.573E-04 4.149E-04 3.096E-04 2.318E-04 1.737E-04 1.292E-04 9.484E-05
 3.054E-01 3.053E-01 3.053E-01 3.053E-01 3.053E-01 3.053E-01 3.052E-01 3.052E-01 3.051E-01 3.049E-01
 3.046E-01 3.042E-01 3.035E-01 3.024E-01 3.007E-01 2.980E-01 2.939E-01 2.876E-01 2.782E-01 2.647E-01
 2.463E-01 2.230E-01 1.963E-01 1.689E-01 1.429E-01 1.178E-01 9.296E-02 6.917E-02 4.851E-02 3.247E-02
 2.114E-02 1.361E-02 8.738E-03 5.600E-03 3.560E-03 2.271E-03 1.493E-03 1.026E-03 7.325E-04 5.364E-04
 4.001E-04 3.023E-04 2.299E-04 1.755E-04 1.337E-04 1.006E-04 7.437E-05
 2.639E-01 2.638E-01 2.638E-01 2.638E-01 2.638E-01 2.638E-01 2.638E-01 2.637E-01 2.636E-01 2.634E-01
 2.632E-01 2.628E-01 2.621E-01 2.611E-01 2.596E-01 2.571E-01 2.534E-01 2.476E-01 2.391E-01 2.269E-01
 2.101E-01 1.890E-01 1.649E-01 1.404E-01 1.173E-01 9.552E-02 7.420E-02 5.412E-02 3.700E-02 2.400E-02
 1.508E-02 9.378E-03 5.844E-03 3.659E-03 2.290E-03 1.451E-03 9.574E-04 6.642E-04 4.790E-04 3.540E-04
 2.671E-04 2.052E-04 1.594E-04 1.244E-04 9.652E-05 7.363E-05 5.502E-05
 2.183E-01 2.183E-01 2.183E-01 2.183E-01 2.183E-01 2.183E-01 2.182E-01 2.182E-01 2.181E-01 2.180E-01
 2.177E-01 2.174E-01 2.168E-01 2.160E-01 2.146E-01 2.125E-01 2.092E-01 2.043E-01 1.969E-01 1.863E-01
 1.718E-01 1.536E-01 1.329E-01 1.120E-01 9.254E-02 7.444E-02 5.702E-02 4.085E-02 2.729E-02 1.720E-02
 1.045E-02 6.263E-03 3.760E-03 2.273E-03 1.382E-03 8.597E-04 5.654E-04 3.950E-04 2.874E-04 2.141E-04
 1.632E-04 1.275E-04 1.011E-04 8.072E-05 6.393E-05 4.962E-05 3.762E-05
 1.678E-01 1.678E-01 1.678E-01 1.678E-01 1.677E-01 1.677E-01 1.677E-01 1.677E-01 1.676E-01 1.675E-01
 1.673E-01 1.670E-01 1.666E-01 1.659E-01 1.648E-01 1.631E-01 1.605E-01 1.565E-01 1.506E-01 1.421E-01
 1.306E-01 1.161E-01 9.965E-02 8.317E-02 6.804E-02 5.417E-02 4.100E-02 2.895E-02 1.899E-02 1.171E-02
 6.921E-03 4.015E-03 2.317E-03 1.338E-03 7.771E-04 4.671E-04 3.031E-04 2.123E-04 1.555E-04 1.165E-04
 8.946E-05 7.072E-05 5.712E-05 4.656E-05 3.768E-05 2.988E-05 2.316E-05
 1.138E-01 1.138E-01 1.137E-01 1.137E-01 1.137E-01 1.137E-01 1.137E-01 1.137E-01 1.136E-01 1.135E-01
 1.134E-01 1.132E-01 1.129E-01 1.124E-01 1.117E-01 1.105E-01 1.086E-01 1.058E-01 1.017E-01 9.570E-02
 8.759E-02 7.742E-02 6.594E-02 5.451E-02 4.417E-02 3.484E-02 2.612E-02 1.824E-02 1.182E-02 7.170E-03
 4.158E-03 2.351E-03 1.307E-03 7.180E-04 3.937E-04 2.251E-04 1.424E-04 9.951E-05 7.324E-05 5.506E-05
 4.238E-05 3.372E-05 2.759E-05 2.293E-05 1.904E-05 1.556E-05 1.249E-05
 6.293E-02 6.292E-02 6.292E-02 6.292E-02 6.292E-02 6.291E-02 6.290E-02 6.288E-02 6.285E-02 6.281E-02
 6.273E-02 6.262E-02 6.244E-02 6.216E-02 6.172E-02 6.104E-02 5.998E-02 5.836E-02 5.597E-02 5.254E-02
 4.788E-02 4.205E-02 3.551E-02 2.906E-02 2.331E-02 1.823E-02 1.356E-02 9.399E-03 6.036E-03 3.625E-03
 2.074E-03 1.149E-03 6.185E-04 3.243E-04 1.676E-04 9.041E-05 5.530E-05 3.840E-05 2.841E-05 2.147E-05
 1.660E-05 1.330E-05 1.105E-05 9.421E-06 8.114E-06 6.957E-06 5.911E-06
 2.520E-02 2.520E-02 2.520E-02 2.520E-02 2.520E-02 2.519E-02 2.519E-02 2.518E-02 2.517E-02 2.515E-02
 2.512E-02 2.507E-02 2.500E-02 2.488E-02 2.470E-02 2.441E-02 2.397E-02 2.329E-02 2.229E-02 2.086E-02
 1.892E-02 1.649E-02 1.379E-02 1.115E-02 8.847E-03 6.858E-03 5.072E-03 3.499E-03 2.237E-03 1.333E-03
 7.535E-04 4.102E-04 2.153E-04 1.088E-04 5.363E-05 2.768E-05 1.660E-05 1.162E-05 8.788E-06 6.820E-06
 5.425E-06 4.483E-06 3.863E-06 3.453E-06 3.154E-06 2.899E-06 2.663E-06
 6.059E-03 6.059E-03 6.059E-03 6.059E-03 6.058E-03 6.057E-03 6.056E-03 6.054E-03 6.051E-03 6.046E-03
 6.039E-03 6.027E-03 6.008E-03 5.978E-03 5.932E-03 5.859E-03 5.747E-03 5.577E-03 5.324E-03 4.963E-03
 4.475E-03 3.868E-03 3.196E-03 2.549E-03 1.995E-03 1.533E-03 1.128E-03 7.767E-04 4.954E-04 2.936E-04
 1.641E-04 8.810E-05 4.561E-05 2.278E-05 1.121E-05 5.965E-06 3.825E-06 2.901E-06 2.388E-06 2.030E-06
 1.772E-06 1.595E-06 1.483E-06 1.416E-06 1.375E-06 1.343E-06 1.312E-06
 6.526E-04 6.526E-04 6.525E-04 6.525E-04 6.524E-04 6.524E-04 6.522E-04 6.520E-04 6.517E-04 6.511E-04
 6.503E-04 6.489E-04 6.468E-04 6.434E-04 6.381E-04 6.298E-04 6.171E-04 5.978E-04 5.691E-04 5.282E-04
 4.730E-04 4.046E-04 3.295E-04 2.583E-04 1.990E-04 1.513E-04 1.109E-04 7.647E-05 4.891E-05 2.903E-05
 1.628E-05 8.886E-06 4.827E-06 2.681E-06 1.614E-06 1.142E-06 9.534E-07 8.722E-07 8.272E-07 7.956E-07
 7.719E-07 7.551E-07 7.443E-07 7.384E-07 7.352E-07 7.327E-07 7.297E-07
 2.012E-05 2.012E-05 2.012E-05 2.012E-05 2.012E-05 2.011E-05 2.011E-05 2.010E-05 2.009E-05 2.007E-05
 2.005E-05 2.000E-05 1.993E-05 1.983E-05 1.966E-05 1.939E-05 1.898E-05 1.837E-05 1.745E-05 1.614E-05
 1.438E-05 1.221E-05 9.845E-06 7.638E-06 5.859E-06 4.491E-06 3.380E-06 2.453E-06 1.714E-06 1.176E-06
 8.313E-07 6.337E-07 5.271E-07 4.715E-07 4.441E-07 4.320E-07 4.272E-07 4.250E-07 4.238E-07 4.229E-07
 4.221E-07 4.216E-07 4.211E-07 4.207E-07 4.203E-07 4.198E-07 4.189E-07
 3.154E-07 3.154E-07 3.154E-07 3.154E-07 3.154E-07 3.153E-07 3.153E-07 3.153E-07 3.153E-07 3.152E-07
 3.151E-07 3.149E-07 3.146E-07 3.141E-07 3.134E-07 3.122E-07 3.105E-07 3.078E-07 3.038E-07 2.982E-07
 2.906E-07 2.813E-07 2.713E-07 2.620E-07 2.548E-07 2.496E-07 2.455E-07 2.423E-07 2.397E-07 2.377E-07
 2.365E-07 2.358E-07 2.354E-07 2.352E-07 2.351E-07 2.351E-07 2.351E-07 2.350E-07 2.350E-07 2.350E-07
 2.350E-07 2.349E-07 2.348E-07 2.347E-07 2.345E-07 2.342E-07 2.338E-07
 1.225E-07 1.225E-07 1.225E-07 1.225E-07 1.225E-07 1.225E-07 1.225E-07 1.225E-07 1.225E-07 1.225E-07
 1.225E-07 1.225E-07 1.225E-07 1.225E-07 1.225E-07 1.225E-07 1.225E-07 1.225E-07 1.225E-07 1.225E-07
 1.225E-07 1.225E-07 1.225E-07 1.225E-07 1.225E-07 1.225E-07 1.225E-07 1.225E-07 1.225E-07 1.225E-07
 1.225E-07 1.225E-07 1.225E-07 1.225E-07 1.225E-07 1.225E-07 1.225E-07 1.225E-07 1.225E-07 1.225E-07
 1.224E-07 1.224E-07 1.224E-07 1.223E-07 1.222E-07 1.221E-07 1.218E-07
 5.410E-08 5.410E-08 5.410E-08 5.410E-08 5.410E-08 5.410E-08 5.410E-08 5.410E-08 5.410E-08 5.410E-08
 5.410E-08 5.410E-08 5.410E-08 5.410E-08 5.410E-08 5.410E-08 5.410E-08 5.410E-08 5.410E-08 5.410E-08
 5.410E-08 5.410E-08 5.410E-08 5.410E-08 5.410E-08 5.410E-08 5.410E-08 5.410E-08 5.410E-08 5.410E-08
 5.410E-08 5.410E-08 5.410E-08 5.410E-08 5.410E-08 5.409E-08 5.409E-08 5.409E-08 5.409E-08 5.408E-08
 5.408E-08 5.407E-08 5.405E-08 5.402E-08 5.398E-08 5.391E-08 5.381E-08
 1.703E-08 1.703E-08 1.703E-08 1.703E-08 1.703E-08 1.703E-08 1.703E-08 1.703E-08 1.703E-08 1.703E-08
 1.703E-08 1.703E-08 1.703E-08 1.703E-08 1.703E-08 1.703E-08 1.703E-08 1.703E-08 1.703E-08 1.703E-08
 1.703E-08 1.703E-08 1.703E-08 1.703E-08 1.703E-08 1.703E-08 1.703E-08 1.703E-08 1.703E-08 1.703E-08
 1.703E-08 1.703E-08 1.703E-08 1.703E-08 1.703E-08 1.703E-08 1.703E-08 1.703E-08 1.703E-08 1.703E-08
 1.703E-08 1.702E-08 1.702E-08 1.701E-08 1.700E-08 1.697E-08 1.694E-08

