b(CO,H2,H) (km/s)    =   3.00 11.22 15.87
Tex(CO,H2) (K)       =   100.00 1000.00
[12C]/[13C]          =  69
[16O]/[18O]          = 557
[18O]/[17O]          =   3.6
n[N(12CO)]           =  47
n[N(H2)]             =  42

CO shielding rates     (for parameters/values rows & columns: check legend file)
 1.000E+00 1.000E+00 1.000E+00 1.000E+00 9.999E-01 9.999E-01 9.998E-01 9.997E-01 9.996E-01 9.994E-01 9.990E-01 9.984E-01 9.975E-01 9.960E-01 9.937E-01 9.901E-01 9.846E-01 9.760E-01 9.632E-01 9.445E-01 9.182E-01 8.834E-01 8.404E-01 7.904E-01 7.334E-01 6.666E-01 5.874E-01 4.973E-01 4.019E-01 3.090E-01 2.256E-01 1.568E-01 1.049E-01 6.863E-02 4.438E-02 2.863E-02 1.871E-02 1.249E-02 8.505E-03 5.869E-03 4.092E-03 2.879E-03 2.031E-03 1.424E-03 9.837E-04 6.683E-04 4.511E-04
 8.703E-01 8.703E-01 8.703E-01 8.703E-01 8.703E-01 8.702E-01 8.702E-01 8.701E-01 8.699E-01 8.697E-01 8.694E-01 8.688E-01 8.679E-01 8.665E-01 8.643E-01 8.608E-01 8.554E-01 8.472E-01 8.349E-01 8.169E-01 7.918E-01 7.588E-01 7.186E-01 6.728E-01 6.221E-01 5.642E-01 4.969E-01 4.215E-01 3.424E-01 2.655E-01 1.957E-01 1.372E-01 9.239E-02 6.084E-02 3.962E-02 2.572E-02 1.688E-02 1.131E-02 7.731E-03 5.359E-03 3.757E-03 2.659E-03 1.888E-03 1.334E-03 9.302E-04 6.378E-04 4.333E-04
 8.617E-01 8.617E-01 8.617E-01 8.617E-01 8.617E-01 8.616E-01 8.616E-01 8.615E-01 8.614E-01 8.611E-01 8.608E-01 8.602E-01 8.593E-01 8.579E-01 8.557E-01 8.522E-01 8.469E-01 8.387E-01 8.263E-01 8.084E-01 7.834E-01 7.505E-01 7.105E-01 6.649E-01 6.144E-01 5.570E-01 4.903E-01 4.156E-01 3.373E-01 2.613E-01 1.925E-01 1.349E-01 9.095E-02 5.997E-02 3.909E-02 2.537E-02 1.664E-02 1.114E-02 7.615E-03 5.282E-03 3.705E-03 2.623E-03 1.863E-03 1.317E-03 9.185E-04 6.301E-04 4.284E-04
 8.509E-01 8.508E-01 8.508E-01 8.508E-01 8.508E-01 8.508E-01 8.507E-01 8.506E-01 8.505E-01 8.502E-01 8.499E-01 8.493E-01 8.484E-01 8.470E-01 8.448E-01 8.414E-01 8.360E-01 8.278E-01 8.156E-01 7.977E-01 7.727E-01 7.400E-01 7.001E-01 6.549E-01 6.048E-01 5.479E-01 4.820E-01 4.082E-01 3.311E-01 2.562E-01 1.886E-01 1.322E-01 8.916E-02 5.886E-02 3.839E-02 2.492E-02 1.632E-02 1.092E-02 7.467E-03 5.183E-03 3.639E-03 2.578E-03 1.831E-03 1.294E-03 9.032E-04 6.201E-04 4.221E-04
 8.377E-01 8.377E-01 8.377E-01 8.377E-01 8.377E-01 8.376E-01 8.376E-01 8.375E-01 8.373E-01 8.371E-01 8.368E-01 8.362E-01 8.353E-01 8.339E-01 8.317E-01 8.283E-01 8.229E-01 8.148E-01 8.025E-01 7.847E-01 7.599E-01 7.273E-01 6.877E-01 6.428E-01 5.933E-01 5.372E-01 4.722E-01 3.996E-01 3.237E-01 2.502E-01 1.840E-01 1.289E-01 8.703E-02 5.752E-02 3.754E-02 2.435E-02 1.593E-02 1.065E-02 7.286E-03 5.063E-03 3.558E-03 2.522E-03 1.792E-03 1.267E-03 8.843E-04 6.079E-04 4.143E-04
 8.226E-01 8.225E-01 8.225E-01 8.225E-01 8.225E-01 8.225E-01 8.224E-01 8.223E-01 8.222E-01 8.219E-01 8.216E-01 8.210E-01 8.201E-01 8.187E-01 8.166E-01 8.131E-01 8.078E-01 7.997E-01 7.875E-01 7.698E-01 7.451E-01 7.127E-01 6.734E-01 6.290E-01 5.801E-01 5.249E-01 4.610E-01 3.897E-01 3.153E-01 2.434E-01 1.788E-01 1.253E-01 8.458E-02 5.595E-02 3.654E-02 2.368E-02 1.548E-02 1.034E-02 7.076E-03 4.924E-03 3.466E-03 2.458E-03 1.746E-03 1.234E-03 8.624E-04 5.936E-04 4.054E-04
 8.057E-01 8.057E-01 8.057E-01 8.056E-01 8.056E-01 8.056E-01 8.055E-01 8.054E-01 8.053E-01 8.051E-01 8.047E-01 8.042E-01 8.033E-01 8.019E-01 7.997E-01 7.963E-01 7.910E-01 7.829E-01 7.708E-01 7.532E-01 7.286E-01 6.965E-01 6.575E-01 6.136E-01 5.655E-01 5.112E-01 4.486E-01 3.787E-01 3.060E-01 2.359E-01 1.731E-01 1.212E-01 8.187E-02 5.421E-02 3.541E-02 2.294E-02 1.497E-02 1.000E-02 6.847E-03 4.774E-03 3.365E-03 2.387E-03 1.696E-03 1.199E-03 8.382E-04 5.780E-04 3.955E-04
 7.876E-01 7.876E-01 7.876E-01 7.876E-01 7.876E-01 7.875E-01 7.875E-01 7.874E-01 7.872E-01 7.870E-01 7.867E-01 7.861E-01 7.852E-01 7.839E-01 7.817E-01 7.783E-01 7.730E-01 7.650E-01 7.529E-01 7.354E-01 7.110E-01 6.791E-01 6.405E-01 5.972E-01 5.498E-01 4.965E-01 4.353E-01 3.670E-01 2.960E-01 2.278E-01 1.669E-01 1.168E-01 7.897E-02 5.234E-02 3.421E-02 2.215E-02 1.444E-02 9.643E-03 6.611E-03 4.618E-03 3.260E-03 2.314E-03 1.644E-03 1.162E-03 8.128E-04 5.615E-04 3.852E-04
 7.692E-01 7.691E-01 7.691E-01 7.691E-01 7.691E-01 7.691E-01 7.690E-01 7.689E-01 7.688E-01 7.685E-01 7.682E-01 7.676E-01 7.668E-01 7.654E-01 7.632E-01 7.599E-01 7.546E-01 7.466E-01 7.346E-01 7.172E-01 6.930E-01 6.613E-01 6.231E-01 5.802E-01 5.336E-01 4.814E-01 4.214E-01 3.547E-01 2.856E-01 2.193E-01 1.605E-01 1.123E-01 7.596E-02 5.040E-02 3.296E-02 2.133E-02 1.390E-02 9.285E-03 6.376E-03 4.463E-03 3.155E-03 2.241E-03 1.591E-03 1.124E-03 7.872E-04 5.448E-04 3.746E-04
 7.511E-01 7.511E-01 7.511E-01 7.511E-01 7.511E-01 7.511E-01 7.510E-01 7.509E-01 7.508E-01 7.506E-01 7.502E-01 7.497E-01 7.488E-01 7.474E-01 7.453E-01 7.419E-01 7.367E-01 7.287E-01 7.168E-01 6.994E-01 6.753E-01 6.439E-01 6.059E-01 5.635E-01 5.176E-01 4.663E-01 4.075E-01 3.423E-01 2.750E-01 2.108E-01 1.541E-01 1.078E-01 7.295E-02 4.846E-02 3.171E-02 2.052E-02 1.337E-02 8.934E-03 6.147E-03 4.312E-03 3.054E-03 2.170E-03 1.540E-03 1.088E-03 7.622E-04 5.282E-04 3.640E-04
 7.341E-01 7.341E-01 7.341E-01 7.341E-01 7.341E-01 7.340E-01 7.340E-01 7.339E-01 7.338E-01 7.335E-01 7.332E-01 7.326E-01 7.318E-01 7.304E-01 7.283E-01 7.249E-01 7.197E-01 7.118E-01 6.999E-01 6.826E-01 6.586E-01 6.273E-01 5.896E-01 5.476E-01 5.022E-01 4.517E-01 3.940E-01 3.303E-01 2.647E-01 2.025E-01 1.478E-01 1.033E-01 7.000E-02 4.655E-02 3.046E-02 1.971E-02 1.284E-02 8.593E-03 5.925E-03 4.166E-03 2.955E-03 2.101E-03 1.491E-03 1.053E-03 7.381E-04 5.122E-04 3.536E-04
 7.181E-01 7.181E-01 7.181E-01 7.181E-01 7.181E-01 7.180E-01 7.180E-01 7.179E-01 7.177E-01 7.175E-01 7.172E-01 7.166E-01 7.158E-01 7.144E-01 7.123E-01 7.089E-01 7.037E-01 6.958E-01 6.840E-01 6.667E-01 6.428E-01 6.117E-01 5.742E-01 5.325E-01 4.876E-01 4.378E-01 3.811E-01 3.187E-01 2.548E-01 1.945E-01 1.417E-01 9.903E-02 6.713E-02 4.467E-02 2.924E-02 1.891E-02 1.233E-02 8.261E-03 5.709E-03 4.024E-03 2.860E-03 2.035E-03 1.444E-03 1.020E-03 7.149E-04 4.966E-04 3.434E-04
 7.028E-01 7.028E-01 7.028E-01 7.028E-01 7.028E-01 7.027E-01 7.027E-01 7.026E-01 7.024E-01 7.022E-01 7.019E-01 7.013E-01 7.005E-01 6.991E-01 6.970E-01 6.936E-01 6.885E-01 6.806E-01 6.688E-01 6.516E-01 6.277E-01 5.967E-01 5.594E-01 5.180E-01 4.736E-01 4.245E-01 3.687E-01 3.076E-01 2.453E-01 1.867E-01 1.358E-01 9.485E-02 6.432E-02 4.281E-02 2.803E-02 1.813E-02 1.183E-02 7.937E-03 5.498E-03 3.885E-03 2.766E-03 1.970E-03 1.398E-03 9.870E-04 6.924E-04 4.816E-04 3.336E-04
 6.878E-01 6.877E-01 6.877E-01 6.877E-01 6.877E-01 6.877E-01 6.876E-01 6.875E-01 6.874E-01 6.872E-01 6.868E-01 6.863E-01 6.854E-01 6.841E-01 6.819E-01 6.786E-01 6.735E-01 6.656E-01 6.538E-01 6.367E-01 6.129E-01 5.820E-01 5.449E-01 5.039E-01 4.599E-01 4.114E-01 3.567E-01 2.968E-01 2.360E-01 1.792E-01 1.301E-01 9.074E-02 6.153E-02 4.097E-02 2.682E-02 1.736E-02 1.133E-02 7.619E-03 5.288E-03 3.745E-03 2.671E-03 1.904E-03 1.352E-03 9.546E-04 6.700E-04 4.666E-04 3.238E-04
 6.723E-01 6.722E-01 6.722E-01 6.722E-01 6.722E-01 6.722E-01 6.721E-01 6.720E-01 6.719E-01 6.717E-01 6.713E-01 6.708E-01 6.699E-01 6.686E-01 6.664E-01 6.631E-01 6.580E-01 6.501E-01 6.384E-01 6.213E-01 5.977E-01 5.669E-01 5.301E-01 4.893E-01 4.459E-01 3.981E-01 3.444E-01 2.858E-01 2.266E-01 1.716E-01 1.243E-01 8.665E-02 5.875E-02 3.914E-02 2.563E-02 1.660E-02 1.085E-02 7.305E-03 5.079E-03 3.604E-03 2.574E-03 1.837E-03 1.304E-03 9.211E-04 6.470E-04 4.512E-04 3.137E-04
 6.557E-01 6.557E-01 6.557E-01 6.556E-01 6.556E-01 6.556E-01 6.555E-01 6.554E-01 6.553E-01 6.551E-01 6.548E-01 6.542E-01 6.534E-01 6.520E-01 6.499E-01 6.466E-01 6.415E-01 6.336E-01 6.219E-01 6.049E-01 5.814E-01 5.508E-01 5.142E-01 4.739E-01 4.310E-01 3.841E-01 3.315E-01 2.744E-01 2.170E-01 1.639E-01 1.185E-01 8.251E-02 5.596E-02 3.730E-02 2.444E-02 1.584E-02 1.037E-02 6.989E-03 4.865E-03 3.457E-03 2.473E-03 1.766E-03 1.254E-03 8.854E-04 6.224E-04 4.347E-04 3.029E-04
 6.377E-01 6.377E-01 6.377E-01 6.377E-01 6.376E-01 6.376E-01 6.375E-01 6.375E-01 6.373E-01 6.371E-01 6.368E-01 6.362E-01 6.354E-01 6.340E-01 6.319E-01 6.286E-01 6.235E-01 6.157E-01 6.041E-01 5.872E-01 5.637E-01 5.333E-01 4.971E-01 4.572E-01 4.149E-01 3.690E-01 3.177E-01 2.623E-01 2.068E-01 1.558E-01 1.125E-01 7.828E-02 5.312E-02 3.544E-02 2.324E-02 1.508E-02 9.878E-03 6.664E-03 4.642E-03 3.300E-03 2.363E-03 1.688E-03 1.199E-03 8.466E-04 5.955E-04 4.168E-04 2.911E-04
 6.182E-01 6.182E-01 6.182E-01 6.182E-01 6.182E-01 6.181E-01 6.181E-01 6.180E-01 6.179E-01 6.177E-01 6.173E-01 6.168E-01 6.159E-01 6.146E-01 6.125E-01 6.092E-01 6.041E-01 5.964E-01 5.848E-01 5.680E-01 5.447E-01 5.145E-01 4.786E-01 4.392E-01 3.977E-01 3.529E-01 3.030E-01 2.495E-01 1.962E-01 1.474E-01 1.062E-01 7.392E-02 5.020E-02 3.351E-02 2.199E-02 1.427E-02 9.360E-03 6.317E-03 4.402E-03 3.131E-03 2.244E-03 1.604E-03 1.138E-03 8.038E-04 5.659E-04 3.969E-04 2.780E-04
 5.976E-01 5.976E-01 5.976E-01 5.976E-01 5.976E-01 5.975E-01 5.975E-01 5.974E-01 5.973E-01 5.970E-01 5.967E-01 5.962E-01 5.953E-01 5.940E-01 5.919E-01 5.887E-01 5.836E-01 5.759E-01 5.644E-01 5.476E-01 5.245E-01 4.946E-01 4.590E-01 4.202E-01 3.795E-01 3.359E-01 2.876E-01 2.361E-01 1.850E-01 1.387E-01 9.978E-02 6.942E-02 4.717E-02 3.150E-02 2.067E-02 1.342E-02 8.804E-03 5.943E-03 4.142E-03 2.947E-03 2.113E-03 1.511E-03 1.072E-03 7.570E-04 5.335E-04 3.751E-04 2.637E-04
 5.762E-01 5.762E-01 5.762E-01 5.762E-01 5.762E-01 5.761E-01 5.761E-01 5.760E-01 5.759E-01 5.756E-01 5.753E-01 5.748E-01 5.739E-01 5.726E-01 5.705E-01 5.673E-01 5.623E-01 5.546E-01 5.432E-01 5.265E-01 5.036E-01 4.739E-01 4.388E-01 4.005E-01 3.607E-01 3.183E-01 2.717E-01 2.222E-01 1.736E-01 1.297E-01 9.318E-02 6.480E-02 4.404E-02 2.941E-02 1.929E-02 1.252E-02 8.208E-03 5.540E-03 3.860E-03 2.748E-03 1.971E-03 1.410E-03 1.000E-03 7.065E-04 4.987E-04 3.517E-04 2.482E-04
 5.540E-01 5.540E-01 5.539E-01 5.539E-01 5.539E-01 5.539E-01 5.538E-01 5.537E-01 5.536E-01 5.534E-01 5.531E-01 5.525E-01 5.517E-01 5.504E-01 5.483E-01 5.451E-01 5.401E-01 5.325E-01 5.211E-01 5.046E-01 4.819E-01 4.525E-01 4.177E-01 3.801E-01 3.412E-01 3.000E-01 2.551E-01 2.078E-01 1.617E-01 1.205E-01 8.638E-02 6.003E-02 4.080E-02 2.723E-02 1.783E-02 1.156E-02 7.575E-03 5.110E-03 3.560E-03 2.534E-03 1.819E-03 1.301E-03 9.239E-04 6.530E-04 4.618E-04 3.268E-04 2.316E-04
 5.302E-01 5.302E-01 5.302E-01 5.301E-01 5.301E-01 5.301E-01 5.300E-01 5.300E-01 5.298E-01 5.296E-01 5.293E-01 5.288E-01 5.279E-01 5.266E-01 5.246E-01 5.214E-01 5.164E-01 5.089E-01 4.976E-01 4.812E-01 4.587E-01 4.296E-01 3.954E-01 3.584E-01 3.205E-01 2.807E-01 2.376E-01 1.926E-01 1.492E-01 1.108E-01 7.926E-02 5.506E-02 3.741E-02 2.494E-02 1.631E-02 1.056E-02 6.911E-03 4.659E-03 3.244E-03 2.310E-03 1.658E-03 1.188E-03 8.438E-04 5.972E-04 4.235E-04 3.009E-04 2.142E-04
 5.042E-01 5.042E-01 5.041E-01 5.041E-01 5.041E-01 5.041E-01 5.040E-01 5.039E-01 5.038E-01 5.036E-01 5.033E-01 5.028E-01 5.019E-01 5.006E-01 4.986E-01 4.955E-01 4.905E-01 4.831E-01 4.719E-01 4.557E-01 4.334E-01 4.048E-01 3.711E-01 3.349E-01 2.981E-01 2.598E-01 2.188E-01 1.763E-01 1.358E-01 1.004E-01 7.169E-02 4.977E-02 3.381E-02 2.252E-02 1.470E-02 9.504E-03 6.214E-03 4.186E-03 2.914E-03 2.075E-03 1.491E-03 1.069E-03 7.606E-04 5.397E-04 3.842E-04 2.743E-04 1.962E-04
 4.759E-01 4.759E-01 4.759E-01 4.759E-01 4.758E-01 4.758E-01 4.757E-01 4.757E-01 4.755E-01 4.753E-01 4.750E-01 4.745E-01 4.737E-01 4.724E-01 4.704E-01 4.673E-01 4.624E-01 4.550E-01 4.440E-01 4.281E-01 4.061E-01 3.779E-01 3.449E-01 3.096E-01 2.741E-01 2.376E-01 1.988E-01 1.591E-01 1.217E-01 8.944E-02 6.365E-02 4.413E-02 2.995E-02 1.993E-02 1.299E-02 8.384E-03 5.476E-03 3.687E-03 2.567E-03 1.829E-03 1.316E-03 9.454E-04 6.748E-04 4.808E-04 3.441E-04 2.471E-04 1.776E-04
 4.457E-01 4.457E-01 4.457E-01 4.457E-01 4.457E-01 4.456E-01 4.456E-01 4.455E-01 4.454E-01 4.452E-01 4.448E-01 4.443E-01 4.435E-01 4.423E-01 4.403E-01 4.372E-01 4.325E-01 4.252E-01 4.143E-01 3.987E-01 3.771E-01 3.495E-01 3.172E-01 2.831E-01 2.490E-01 2.143E-01 1.779E-01 1.411E-01 1.069E-01 7.797E-02 5.517E-02 3.812E-02 2.581E-02 1.715E-02 1.116E-02 7.187E-03 4.691E-03 3.160E-03 2.202E-03 1.571E-03 1.134E-03 8.176E-04 5.865E-04 4.206E-04 3.033E-04 2.192E-04 1.583E-04
 4.138E-01 4.138E-01 4.138E-01 4.138E-01 4.138E-01 4.138E-01 4.137E-01 4.136E-01 4.135E-01 4.133E-01 4.130E-01 4.125E-01 4.117E-01 4.105E-01 4.086E-01 4.055E-01 4.009E-01 3.938E-01 3.831E-01 3.678E-01 3.468E-01 3.198E-01 2.885E-01 2.556E-01 2.231E-01 1.904E-01 1.566E-01 1.228E-01 9.190E-02 6.618E-02 4.634E-02 3.179E-02 2.143E-02 1.419E-02 9.216E-03 5.927E-03 3.867E-03 2.609E-03 1.822E-03 1.305E-03 9.457E-04 6.862E-04 4.962E-04 3.592E-04 2.615E-04 1.905E-04 1.382E-04
 3.800E-01 3.800E-01 3.800E-01 3.800E-01 3.800E-01 3.800E-01 3.799E-01 3.798E-01 3.797E-01 3.795E-01 3.792E-01 3.787E-01 3.780E-01 3.768E-01 3.749E-01 3.720E-01 3.674E-01 3.605E-01 3.502E-01 3.354E-01 3.150E-01 2.890E-01 2.588E-01 2.274E-01 1.966E-01 1.662E-01 1.351E-01 1.045E-01 7.685E-02 5.437E-02 3.746E-02 2.538E-02 1.697E-02 1.118E-02 7.240E-03 4.651E-03 3.038E-03 2.056E-03 1.443E-03 1.039E-03 7.577E-04 5.546E-04 4.056E-04 2.974E-04 2.191E-04 1.610E-04 1.174E-04
 3.439E-01 3.439E-01 3.439E-01 3.439E-01 3.439E-01 3.439E-01 3.438E-01 3.437E-01 3.436E-01 3.434E-01 3.431E-01 3.427E-01 3.420E-01 3.408E-01 3.390E-01 3.362E-01 3.319E-01 3.252E-01 3.154E-01 3.011E-01 2.816E-01 2.568E-01 2.282E-01 1.985E-01 1.699E-01 1.420E-01 1.138E-01 8.651E-02 6.232E-02 4.306E-02 2.899E-02 1.926E-02 1.270E-02 8.302E-03 5.354E-03 3.436E-03 2.251E-03 1.533E-03 1.084E-03 7.856E-04 5.776E-04 4.276E-04 3.175E-04 2.366E-04 1.768E-04 1.313E-04 9.627E-05
 3.054E-01 3.053E-01 3.053E-01 3.053E-01 3.053E-01 3.053E-01 3.052E-01 3.052E-01 3.051E-01 3.049E-01 3.046E-01 3.042E-01 3.035E-01 3.024E-01 3.007E-01 2.981E-01 2.940E-01 2.878E-01 2.785E-01 2.651E-01 2.469E-01 2.237E-01 1.970E-01 1.696E-01 1.435E-01 1.184E-01 9.349E-02 6.968E-02 4.899E-02 3.289E-02 2.149E-02 1.389E-02 8.970E-03 5.784E-03 3.702E-03 2.371E-03 1.560E-03 1.071E-03 7.643E-04 5.586E-04 4.145E-04 3.112E-04 2.354E-04 1.789E-04 1.359E-04 1.021E-04 7.550E-05
 2.639E-01 2.639E-01 2.638E-01 2.638E-01 2.638E-01 2.638E-01 2.638E-01 2.637E-01 2.636E-01 2.634E-01 2.632E-01 2.628E-01 2.622E-01 2.612E-01 2.596E-01 2.572E-01 2.535E-01 2.478E-01 2.394E-01 2.273E-01 2.107E-01 1.896E-01 1.656E-01 1.410E-01 1.179E-01 9.600E-02 7.466E-02 5.456E-02 3.739E-02 2.434E-02 1.536E-02 9.606E-03 6.025E-03 3.799E-03 2.396E-03 1.524E-03 1.004E-03 6.955E-04 5.009E-04 3.691E-04 2.766E-04 2.109E-04 1.629E-04 1.266E-04 9.806E-05 7.476E-05 5.587E-05
 2.183E-01 2.183E-01 2.183E-01 2.183E-01 2.183E-01 2.183E-01 2.182E-01 2.182E-01 2.181E-01 2.180E-01 2.177E-01 2.174E-01 2.169E-01 2.160E-01 2.147E-01 2.126E-01 2.094E-01 2.045E-01 1.971E-01 1.866E-01 1.723E-01 1.541E-01 1.335E-01 1.125E-01 9.299E-02 7.485E-02 5.740E-02 4.121E-02 2.761E-02 1.747E-02 1.067E-02 6.438E-03 3.896E-03 2.377E-03 1.458E-03 9.099E-04 5.965E-04 4.151E-04 3.013E-04 2.237E-04 1.691E-04 1.309E-04 1.033E-04 8.210E-05 6.491E-05 5.037E-05 3.822E-05
 1.678E-01 1.678E-01 1.678E-01 1.678E-01 1.677E-01 1.677E-01 1.677E-01 1.677E-01 1.676E-01 1.675E-01 1.673E-01 1.670E-01 1.666E-01 1.659E-01 1.648E-01 1.632E-01 1.606E-01 1.567E-01 1.508E-01 1.424E-01 1.310E-01 1.165E-01 1.001E-01 8.359E-02 6.839E-02 5.448E-02 4.130E-02 2.922E-02 1.923E-02 1.191E-02 7.081E-03 4.141E-03 2.413E-03 1.410E-03 8.279E-04 4.991E-04 3.217E-04 2.240E-04 1.636E-04 1.221E-04 9.287E-05 7.267E-05 5.831E-05 4.734E-05 3.825E-05 3.034E-05 2.354E-05
 1.138E-01 1.138E-01 1.137E-01 1.137E-01 1.137E-01 1.137E-01 1.137E-01 1.137E-01 1.136E-01 1.135E-01 1.134E-01 1.132E-01 1.129E-01 1.124E-01 1.117E-01 1.105E-01 1.087E-01 1.059E-01 1.018E-01 9.590E-02 8.786E-02 7.773E-02 6.626E-02 5.481E-02 4.441E-02 3.505E-02 2.632E-02 1.843E-02 1.198E-02 7.302E-03 4.262E-03 2.431E-03 1.367E-03 7.618E-04 4.234E-04 2.428E-04 1.521E-04 1.053E-04 7.734E-05 5.794E-05 4.416E-05 3.472E-05 2.819E-05 2.332E-05 1.932E-05 1.579E-05 1.269E-05
 6.293E-02 6.292E-02 6.292E-02 6.292E-02 6.292E-02 6.291E-02 6.290E-02 6.288E-02 6.285E-02 6.281E-02 6.274E-02 6.263E-02 6.245E-02 6.217E-02 6.174E-02 6.106E-02 6.001E-02 5.842E-02 5.605E-02 5.265E-02 4.803E-02 4.223E-02 3.570E-02 2.923E-02 2.345E-02 1.835E-02 1.367E-02 9.499E-03 6.123E-03 3.696E-03 2.128E-03 1.190E-03 6.489E-04 3.458E-04 1.815E-04 9.820E-05 5.926E-05 4.072E-05 3.009E-05 2.269E-05 1.736E-05 1.373E-05 1.130E-05 9.572E-06 8.219E-06 7.046E-06 5.991E-06
 2.520E-02 2.520E-02 2.520E-02 2.520E-02 2.520E-02 2.519E-02 2.519E-02 2.518E-02 2.517E-02 2.515E-02 2.512E-02 2.508E-02 2.500E-02 2.489E-02 2.470E-02 2.442E-02 2.398E-02 2.332E-02 2.233E-02 2.091E-02 1.898E-02 1.657E-02 1.387E-02 1.122E-02 8.903E-03 6.906E-03 5.115E-03 3.538E-03 2.270E-03 1.360E-03 7.740E-04 4.253E-04 2.262E-04 1.163E-04 5.828E-05 3.013E-05 1.776E-05 1.228E-05 9.281E-06 7.189E-06 5.658E-06 4.614E-06 3.937E-06 3.495E-06 3.181E-06 2.922E-06 2.684E-06
 6.059E-03 6.059E-03 6.059E-03 6.059E-03 6.058E-03 6.057E-03 6.056E-03 6.054E-03 6.051E-03 6.047E-03 6.039E-03 6.027E-03 6.009E-03 5.979E-03 5.934E-03 5.862E-03 5.751E-03 5.583E-03 5.333E-03 4.976E-03 4.491E-03 3.887E-03 3.215E-03 2.566E-03 2.009E-03 1.544E-03 1.138E-03 7.856E-04 5.030E-04 2.996E-04 1.686E-04 9.136E-05 4.789E-05 2.429E-05 1.211E-05 6.416E-06 4.025E-06 3.011E-06 2.471E-06 2.094E-06 1.813E-06 1.619E-06 1.496E-06 1.423E-06 1.379E-06 1.346E-06 1.315E-06
 6.526E-04 6.526E-04 6.525E-04 6.525E-04 6.524E-04 6.524E-04 6.522E-04 6.520E-04 6.517E-04 6.511E-04 6.503E-04 6.489E-04 6.468E-04 6.435E-04 6.383E-04 6.301E-04 6.176E-04 5.985E-04 5.701E-04 5.296E-04 4.748E-04 4.068E-04 3.317E-04 2.602E-04 2.005E-04 1.525E-04 1.120E-04 7.736E-05 4.966E-05 2.962E-05 1.671E-05 9.188E-06 5.033E-06 2.814E-06 1.689E-06 1.178E-06 9.683E-07 8.799E-07 8.330E-07 8.001E-07 7.750E-07 7.570E-07 7.455E-07 7.390E-07 7.355E-07 7.329E-07 7.298E-07
 2.012E-05 2.012E-05 2.012E-05 2.012E-05 2.012E-05 2.011E-05 2.011E-05 2.010E-05 2.009E-05 2.008E-05 2.005E-05 2.001E-05 1.994E-05 1.983E-05 1.966E-05 1.940E-05 1.900E-05 1.839E-05 1.748E-05 1.618E-05 1.444E-05 1.228E-05 9.914E-06 7.697E-06 5.904E-06 4.526E-06 3.409E-06 2.477E-06 1.734E-06 1.192E-06 8.424E-07 6.414E-07 5.322E-07 4.746E-07 4.458E-07 4.328E-07 4.275E-07 4.251E-07 4.239E-07 4.229E-07 4.222E-07 4.216E-07 4.211E-07 4.208E-07 4.203E-07 4.198E-07 4.189E-07
 3.154E-07 3.154E-07 3.154E-07 3.154E-07 3.154E-07 3.153E-07 3.153E-07 3.153E-07 3.153E-07 3.152E-07 3.151E-07 3.149E-07 3.146E-07 3.141E-07 3.134E-07 3.123E-07 3.105E-07 3.079E-07 3.040E-07 2.984E-07 2.909E-07 2.816E-07 2.716E-07 2.623E-07 2.550E-07 2.497E-07 2.456E-07 2.423E-07 2.397E-07 2.378E-07 2.365E-07 2.358E-07 2.354E-07 2.352E-07 2.351E-07 2.351E-07 2.351E-07 2.350E-07 2.350E-07 2.350E-07 2.350E-07 2.349E-07 2.348E-07 2.347E-07 2.345E-07 2.342E-07 2.338E-07
 1.225E-07 1.225E-07 1.225E-07 1.225E-07 1.225E-07 1.225E-07 1.225E-07 1.225E-07 1.225E-07 1.225E-07 1.225E-07 1.225E-07 1.225E-07 1.225E-07 1.225E-07 1.225E-07 1.225E-07 1.225E-07 1.225E-07 1.225E-07 1.225E-07 1.225E-07 1.225E-07 1.225E-07 1.225E-07 1.225E-07 1.225E-07 1.225E-07 1.225E-07 1.225E-07 1.225E-07 1.225E-07 1.225E-07 1.225E-07 1.225E-07 1.225E-07 1.225E-07 1.225E-07 1.225E-07 1.225E-07 1.224E-07 1.224E-07 1.224E-07 1.223E-07 1.222E-07 1.221E-07 1.218E-07
 5.410E-08 5.410E-08 5.410E-08 5.410E-08 5.410E-08 5.410E-08 5.410E-08 5.410E-08 5.410E-08 5.410E-08 5.410E-08 5.410E-08 5.410E-08 5.410E-08 5.410E-08 5.410E-08 5.410E-08 5.410E-08 5.410E-08 5.410E-08 5.410E-08 5.410E-08 5.410E-08 5.410E-08 5.410E-08 5.410E-08 5.410E-08 5.410E-08 5.410E-08 5.410E-08 5.410E-08 5.410E-08 5.410E-08 5.410E-08 5.410E-08 5.409E-08 5.409E-08 5.409E-08 5.409E-08 5.408E-08 5.408E-08 5.407E-08 5.405E-08 5.402E-08 5.398E-08 5.391E-08 5.381E-08
 1.703E-08 1.703E-08 1.703E-08 1.703E-08 1.703E-08 1.703E-08 1.703E-08 1.703E-08 1.703E-08 1.703E-08 1.703E-08 1.703E-08 1.703E-08 1.703E-08 1.703E-08 1.703E-08 1.703E-08 1.703E-08 1.703E-08 1.703E-08 1.703E-08 1.703E-08 1.703E-08 1.703E-08 1.703E-08 1.703E-08 1.703E-08 1.703E-08 1.703E-08 1.703E-08 1.703E-08 1.703E-08 1.703E-08 1.703E-08 1.703E-08 1.703E-08 1.703E-08 1.703E-08 1.703E-08 1.703E-08 1.703E-08 1.702E-08 1.702E-08 1.701E-08 1.700E-08 1.697E-08 1.694E-08
