b(CO,H2,H) (km/s)    =   0.30  3.00  5.00
Tex(CO,H2) (K)       =   5.00 11.18
[12C]/[13C]          =  69
[16O]/[18O]          = 557
[18O]/[17O]          =   3.6
n[N(12CO)]           =  47
n[N(H2)]             =  42
N(12CO)
 1.000E+00
 1.000E+10
 1.585E+10
 2.512E+10
 3.981E+10
 6.310E+10
 1.000E+11
 1.585E+11
 2.512E+11
 3.981E+11
 6.310E+11
 1.000E+12
 1.585E+12
 2.512E+12
 3.981E+12
 6.310E+12
 1.000E+13
 1.585E+13
 2.512E+13
 3.981E+13
 6.310E+13
 1.000E+14
 1.585E+14
 2.512E+14
 3.981E+14
 6.310E+14
 1.000E+15
 1.585E+15
 2.512E+15
 3.981E+15
 6.310E+15
 1.000E+16
 1.585E+16
 2.512E+16
 3.981E+16
 6.310E+16
 1.000E+17
 1.585E+17
 2.512E+17
 3.981E+17
 6.310E+17
 1.000E+18
 1.585E+18
 2.512E+18
 3.981E+18
 6.310E+18
 1.000E+19
N(H2)
 1.000E+00
 1.000E+15
 1.585E+15
 2.512E+15
 3.981E+15
 6.310E+15
 1.000E+16
 1.585E+16
 2.512E+16
 3.981E+16
 6.310E+16
 1.000E+17
 1.585E+17
 2.512E+17
 3.981E+17
 6.310E+17
 1.000E+18
 1.585E+18
 2.512E+18
 3.981E+18
 6.310E+18
 1.000E+19
 1.585E+19
 2.512E+19
 3.981E+19
 6.310E+19
 1.000E+20
 1.585E+20
 2.512E+20
 3.981E+20
 6.310E+20
 1.000E+21
 1.585E+21
 2.512E+21
 3.981E+21
 6.310E+21
 1.000E+22
 1.585E+22
 2.512E+22
 3.981E+22
 6.310E+22
 1.000E+23
12C16O
 1.000E+00 9.997E-01 9.995E-01 9.992E-01 9.988E-01 9.981E-01 9.970E-01 9.953E-01 9.926E-01 9.883E-01
 9.817E-01 9.716E-01 9.563E-01 9.338E-01 9.021E-01 8.599E-01 8.080E-01 7.498E-01 6.900E-01 6.323E-01
 5.777E-01 5.250E-01 4.720E-01 4.177E-01 3.614E-01 3.028E-01 2.434E-01 1.871E-01 1.387E-01 1.012E-01
 7.401E-02 5.467E-02 4.075E-02 3.063E-02 2.323E-02 1.775E-02 1.362E-02 1.044E-02 7.963E-03 6.037E-03
 4.541E-03 3.378E-03 2.470E-03 1.759E-03 1.210E-03 8.046E-04 5.240E-04
 8.985E-01 8.983E-01 8.981E-01 8.978E-01 8.974E-01 8.967E-01 8.956E-01 8.939E-01 8.913E-01 8.871E-01
 8.807E-01 8.707E-01 8.558E-01 8.338E-01 8.030E-01 7.621E-01 7.122E-01 6.569E-01 6.014E-01 5.494E-01
 5.021E-01 4.578E-01 4.137E-01 3.681E-01 3.201E-01 2.694E-01 2.177E-01 1.683E-01 1.256E-01 9.224E-02
 6.786E-02 5.034E-02 3.767E-02 2.844E-02 2.167E-02 1.664E-02 1.282E-02 9.868E-03 7.556E-03 5.743E-03
 4.325E-03 3.223E-03 2.363E-03 1.690E-03 1.169E-03 7.815E-04 5.112E-04
 8.966E-01 8.963E-01 8.962E-01 8.959E-01 8.955E-01 8.948E-01 8.937E-01 8.920E-01 8.894E-01 8.852E-01
 8.788E-01 8.688E-01 8.539E-01 8.319E-01 8.011E-01 7.602E-01 7.103E-01 6.551E-01 5.996E-01 5.476E-01
 5.004E-01 4.562E-01 4.122E-01 3.667E-01 3.190E-01 2.685E-01 2.171E-01 1.679E-01 1.254E-01 9.214E-02
 6.781E-02 5.031E-02 3.765E-02 2.842E-02 2.166E-02 1.663E-02 1.282E-02 9.865E-03 7.554E-03 5.741E-03
 4.323E-03 3.222E-03 2.362E-03 1.689E-03 1.169E-03 7.811E-04 5.110E-04
 8.949E-01 8.946E-01 8.944E-01 8.941E-01 8.937E-01 8.930E-01 8.920E-01 8.903E-01 8.876E-01 8.834E-01
 8.770E-01 8.671E-01 8.521E-01 8.302E-01 7.993E-01 7.585E-01 7.086E-01 6.533E-01 5.979E-01 5.460E-01
 4.988E-01 4.546E-01 4.107E-01 3.655E-01 3.179E-01 2.677E-01 2.165E-01 1.676E-01 1.252E-01 9.204E-02
 6.776E-02 5.028E-02 3.763E-02 2.841E-02 2.165E-02 1.662E-02 1.281E-02 9.861E-03 7.551E-03 5.739E-03
 4.322E-03 3.220E-03 2.361E-03 1.689E-03 1.168E-03 7.808E-04 5.108E-04
 8.932E-01 8.929E-01 8.927E-01 8.924E-01 8.920E-01 8.913E-01 8.903E-01 8.886E-01 8.859E-01 8.818E-01
 8.753E-01 8.654E-01 8.504E-01 8.285E-01 7.976E-01 7.568E-01 7.069E-01 6.517E-01 5.962E-01 5.444E-01
 4.972E-01 4.531E-01 4.094E-01 3.642E-01 3.169E-01 2.669E-01 2.159E-01 1.672E-01 1.250E-01 9.193E-02
 6.770E-02 5.025E-02 3.761E-02 2.839E-02 2.164E-02 1.661E-02 1.281E-02 9.858E-03 7.549E-03 5.737E-03
 4.320E-03 3.219E-03 2.360E-03 1.688E-03 1.168E-03 7.805E-04 5.106E-04
 8.915E-01 8.912E-01 8.911E-01 8.908E-01 8.904E-01 8.897E-01 8.886E-01 8.869E-01 8.843E-01 8.801E-01
 8.737E-01 8.637E-01 8.488E-01 8.269E-01 7.960E-01 7.551E-01 7.053E-01 6.501E-01 5.947E-01 5.428E-01
 4.957E-01 4.517E-01 4.080E-01 3.630E-01 3.159E-01 2.661E-01 2.154E-01 1.669E-01 1.248E-01 9.182E-02
 6.764E-02 5.022E-02 3.759E-02 2.838E-02 2.162E-02 1.661E-02 1.280E-02 9.854E-03 7.546E-03 5.735E-03
 4.319E-03 3.218E-03 2.359E-03 1.687E-03 1.167E-03 7.802E-04 5.104E-04
 8.899E-01 8.896E-01 8.895E-01 8.892E-01 8.888E-01 8.881E-01 8.870E-01 8.853E-01 8.827E-01 8.785E-01
 8.721E-01 8.621E-01 8.472E-01 8.253E-01 7.944E-01 7.536E-01 7.037E-01 6.485E-01 5.931E-01 5.413E-01
 4.942E-01 4.503E-01 4.067E-01 3.618E-01 3.148E-01 2.653E-01 2.148E-01 1.665E-01 1.246E-01 9.170E-02
 6.758E-02 5.018E-02 3.757E-02 2.837E-02 2.161E-02 1.660E-02 1.280E-02 9.851E-03 7.544E-03 5.733E-03
 4.317E-03 3.216E-03 2.358E-03 1.686E-03 1.167E-03 7.799E-04 5.103E-04
 8.855E-01 8.852E-01 8.850E-01 8.848E-01 8.843E-01 8.837E-01 8.826E-01 8.809E-01 8.782E-01 8.741E-01
 8.676E-01 8.577E-01 8.428E-01 8.209E-01 7.900E-01 7.492E-01 6.993E-01 6.442E-01 5.888E-01 5.371E-01
 4.901E-01 4.463E-01 4.028E-01 3.582E-01 3.114E-01 2.622E-01 2.120E-01 1.642E-01 1.227E-01 9.024E-02
 6.640E-02 4.917E-02 3.667E-02 2.759E-02 2.096E-02 1.608E-02 1.239E-02 9.538E-03 7.308E-03 5.558E-03
 4.189E-03 3.123E-03 2.290E-03 1.638E-03 1.133E-03 7.572E-04 4.958E-04
 8.834E-01 8.831E-01 8.829E-01 8.826E-01 8.822E-01 8.815E-01 8.805E-01 8.788E-01 8.761E-01 8.720E-01
 8.655E-01 8.556E-01 8.406E-01 8.187E-01 7.879E-01 7.471E-01 6.972E-01 6.421E-01 5.867E-01 5.350E-01
 4.881E-01 4.443E-01 4.010E-01 3.565E-01 3.099E-01 2.609E-01 2.111E-01 1.635E-01 1.223E-01 9.003E-02
 6.629E-02 4.911E-02 3.664E-02 2.757E-02 2.095E-02 1.607E-02 1.238E-02 9.533E-03 7.305E-03 5.555E-03
 4.187E-03 3.121E-03 2.289E-03 1.637E-03 1.132E-03 7.567E-04 4.955E-04
 8.814E-01 8.811E-01 8.809E-01 8.807E-01 8.802E-01 8.796E-01 8.785E-01 8.768E-01 8.741E-01 8.700E-01
 8.635E-01 8.536E-01 8.387E-01 8.168E-01 7.859E-01 7.451E-01 6.953E-01 6.401E-01 5.848E-01 5.331E-01
 4.862E-01 4.425E-01 3.993E-01 3.549E-01 3.085E-01 2.597E-01 2.101E-01 1.629E-01 1.219E-01 8.978E-02
 6.616E-02 4.905E-02 3.661E-02 2.755E-02 2.094E-02 1.606E-02 1.237E-02 9.529E-03 7.302E-03 5.553E-03
 4.185E-03 3.120E-03 2.288E-03 1.636E-03 1.131E-03 7.562E-04 4.952E-04
 8.792E-01 8.789E-01 8.788E-01 8.785E-01 8.781E-01 8.774E-01 8.763E-01 8.746E-01 8.720E-01 8.678E-01
 8.614E-01 8.515E-01 8.365E-01 8.146E-01 7.838E-01 7.429E-01 6.931E-01 6.380E-01 5.827E-01 5.310E-01
 4.842E-01 4.405E-01 3.974E-01 3.531E-01 3.068E-01 2.583E-01 2.090E-01 1.620E-01 1.214E-01 8.948E-02
 6.601E-02 4.897E-02 3.657E-02 2.753E-02 2.092E-02 1.605E-02 1.237E-02 9.523E-03 7.297E-03 5.549E-03
 4.182E-03 3.117E-03 2.286E-03 1.634E-03 1.130E-03 7.557E-04 4.948E-04
 8.766E-01 8.764E-01 8.762E-01 8.759E-01 8.755E-01 8.748E-01 8.737E-01 8.720E-01 8.694E-01 8.652E-01
 8.588E-01 8.489E-01 8.339E-01 8.120E-01 7.812E-01 7.404E-01 6.906E-01 6.355E-01 5.802E-01 5.285E-01
 4.817E-01 4.381E-01 3.951E-01 3.509E-01 3.049E-01 2.566E-01 2.076E-01 1.611E-01 1.207E-01 8.911E-02
 6.581E-02 4.887E-02 3.652E-02 2.749E-02 2.090E-02 1.603E-02 1.235E-02 9.515E-03 7.291E-03 5.545E-03
 4.178E-03 3.114E-03 2.284E-03 1.633E-03 1.129E-03 7.549E-04 4.943E-04
 8.735E-01 8.732E-01 8.730E-01 8.728E-01 8.723E-01 8.716E-01 8.706E-01 8.689E-01 8.662E-01 8.621E-01
 8.556E-01 8.457E-01 8.308E-01 8.089E-01 7.781E-01 7.372E-01 6.874E-01 6.324E-01 5.771E-01 5.255E-01
 4.787E-01 4.352E-01 3.923E-01 3.483E-01 3.025E-01 2.546E-01 2.060E-01 1.598E-01 1.199E-01 8.861E-02
 6.554E-02 4.874E-02 3.644E-02 2.745E-02 2.087E-02 1.601E-02 1.234E-02 9.504E-03 7.284E-03 5.539E-03
 4.173E-03 3.111E-03 2.281E-03 1.630E-03 1.128E-03 7.540E-04 4.937E-04
 8.697E-01 8.694E-01 8.692E-01 8.689E-01 8.685E-01 8.678E-01 8.668E-01 8.651E-01 8.624E-01 8.583E-01
 8.518E-01 8.419E-01 8.270E-01 8.051E-01 7.743E-01 7.335E-01 6.837E-01 6.286E-01 5.734E-01 5.218E-01
 4.751E-01 4.317E-01 3.889E-01 3.451E-01 2.996E-01 2.520E-01 2.039E-01 1.582E-01 1.188E-01 8.795E-02
 6.517E-02 4.854E-02 3.634E-02 2.738E-02 2.083E-02 1.598E-02 1.232E-02 9.490E-03 7.273E-03 5.530E-03
 4.167E-03 3.105E-03 2.277E-03 1.628E-03 1.126E-03 7.527E-04 4.929E-04
 8.652E-01 8.649E-01 8.647E-01 8.644E-01 8.640E-01 8.633E-01 8.623E-01 8.606E-01 8.579E-01 8.538E-01
 8.473E-01 8.374E-01 8.225E-01 8.006E-01 7.698E-01 7.290E-01 6.793E-01 6.242E-01 5.690E-01 5.175E-01
 4.709E-01 4.276E-01 3.849E-01 3.414E-01 2.962E-01 2.490E-01 2.014E-01 1.563E-01 1.175E-01 8.712E-02
 6.469E-02 4.828E-02 3.619E-02 2.729E-02 2.077E-02 1.594E-02 1.229E-02 9.471E-03 7.259E-03 5.519E-03
 4.158E-03 3.098E-03 2.271E-03 1.624E-03 1.123E-03 7.509E-04 4.919E-04
 8.600E-01 8.597E-01 8.595E-01 8.593E-01 8.588E-01 8.582E-01 8.571E-01 8.554E-01 8.528E-01 8.486E-01
 8.422E-01 8.323E-01 8.173E-01 7.955E-01 7.647E-01 7.239E-01 6.742E-01 6.192E-01 5.640E-01 5.126E-01
 4.660E-01 4.229E-01 3.804E-01 3.371E-01 2.923E-01 2.456E-01 1.985E-01 1.541E-01 1.159E-01 8.608E-02
 6.406E-02 4.791E-02 3.598E-02 2.717E-02 2.069E-02 1.589E-02 1.226E-02 9.445E-03 7.239E-03 5.504E-03
 4.146E-03 3.089E-03 2.264E-03 1.618E-03 1.119E-03 7.486E-04 4.904E-04
 8.543E-01 8.540E-01 8.539E-01 8.536E-01 8.532E-01 8.525E-01 8.514E-01 8.497E-01 8.471E-01 8.429E-01
 8.365E-01 8.266E-01 8.117E-01 7.898E-01 7.591E-01 7.183E-01 6.686E-01 6.137E-01 5.586E-01 5.072E-01
 4.608E-01 4.178E-01 3.755E-01 3.325E-01 2.880E-01 2.418E-01 1.953E-01 1.516E-01 1.140E-01 8.481E-02
 6.326E-02 4.743E-02 3.569E-02 2.699E-02 2.058E-02 1.582E-02 1.221E-02 9.411E-03 7.213E-03 5.483E-03
 4.130E-03 3.076E-03 2.254E-03 1.611E-03 1.115E-03 7.456E-04 4.885E-04
 8.482E-01 8.479E-01 8.477E-01 8.475E-01 8.470E-01 8.464E-01 8.453E-01 8.436E-01 8.410E-01 8.368E-01
 8.304E-01 8.205E-01 8.056E-01 7.838E-01 7.531E-01 7.124E-01 6.627E-01 6.079E-01 5.529E-01 5.016E-01
 4.553E-01 4.125E-01 3.704E-01 3.277E-01 2.836E-01 2.379E-01 1.920E-01 1.489E-01 1.120E-01 8.334E-02
 6.227E-02 4.680E-02 3.530E-02 2.675E-02 2.043E-02 1.572E-02 1.214E-02 9.363E-03 7.177E-03 5.456E-03
 4.108E-03 3.059E-03 2.241E-03 1.602E-03 1.108E-03 7.415E-04 4.859E-04
 8.416E-01 8.414E-01 8.412E-01 8.409E-01 8.405E-01 8.398E-01 8.387E-01 8.371E-01 8.344E-01 8.303E-01
 8.238E-01 8.140E-01 7.991E-01 7.773E-01 7.466E-01 7.060E-01 6.565E-01 6.017E-01 5.468E-01 4.957E-01
 4.496E-01 4.069E-01 3.651E-01 3.228E-01 2.792E-01 2.340E-01 1.886E-01 1.461E-01 1.098E-01 8.169E-02
 6.110E-02 4.602E-02 3.479E-02 2.643E-02 2.023E-02 1.559E-02 1.205E-02 9.298E-03 7.129E-03 5.419E-03
 4.079E-03 3.037E-03 2.225E-03 1.590E-03 1.100E-03 7.364E-04 4.827E-04
 8.345E-01 8.342E-01 8.340E-01 8.337E-01 8.333E-01 8.326E-01 8.316E-01 8.299E-01 8.273E-01 8.231E-01
 8.167E-01 8.069E-01 7.920E-01 7.703E-01 7.397E-01 6.992E-01 6.498E-01 5.952E-01 5.405E-01 4.895E-01
 4.436E-01 4.012E-01 3.597E-01 3.178E-01 2.747E-01 2.300E-01 1.853E-01 1.433E-01 1.075E-01 7.995E-02
 5.981E-02 4.510E-02 3.417E-02 2.602E-02 1.995E-02 1.541E-02 1.193E-02 9.209E-03 7.063E-03 5.369E-03
 4.041E-03 3.008E-03 2.204E-03 1.575E-03 1.090E-03 7.299E-04 4.785E-04
 8.265E-01 8.262E-01 8.260E-01 8.258E-01 8.254E-01 8.247E-01 8.236E-01 8.220E-01 8.193E-01 8.152E-01
 8.088E-01 7.990E-01 7.842E-01 7.626E-01 7.321E-01 6.918E-01 6.425E-01 5.881E-01 5.337E-01 4.830E-01
 4.373E-01 3.952E-01 3.542E-01 3.127E-01 2.701E-01 2.261E-01 1.820E-01 1.406E-01 1.053E-01 7.817E-02
 5.843E-02 4.407E-02 3.343E-02 2.550E-02 1.960E-02 1.516E-02 1.176E-02 9.086E-03 6.973E-03 5.302E-03
 3.991E-03 2.971E-03 2.176E-03 1.556E-03 1.077E-03 7.215E-04 4.731E-04
 8.176E-01 8.173E-01 8.171E-01 8.169E-01 8.164E-01 8.158E-01 8.147E-01 8.130E-01 8.104E-01 8.063E-01
 8.000E-01 7.903E-01 7.756E-01 7.540E-01 7.237E-01 6.836E-01 6.347E-01 5.806E-01 5.265E-01 4.761E-01
 4.308E-01 3.891E-01 3.485E-01 3.076E-01 2.656E-01 2.222E-01 1.787E-01 1.378E-01 1.031E-01 7.637E-02
 5.701E-02 4.297E-02 3.260E-02 2.488E-02 1.915E-02 1.484E-02 1.152E-02 8.919E-03 6.851E-03 5.212E-03
 3.925E-03 2.922E-03 2.141E-03 1.531E-03 1.061E-03 7.108E-04 4.662E-04
 8.073E-01 8.070E-01 8.069E-01 8.066E-01 8.062E-01 8.055E-01 8.045E-01 8.028E-01 8.002E-01 7.962E-01
 7.899E-01 7.802E-01 7.657E-01 7.443E-01 7.143E-01 6.746E-01 6.261E-01 5.725E-01 5.189E-01 4.689E-01
 4.240E-01 3.828E-01 3.427E-01 3.023E-01 2.609E-01 2.182E-01 1.753E-01 1.350E-01 1.008E-01 7.452E-02
 5.552E-02 4.179E-02 3.167E-02 2.417E-02 1.861E-02 1.443E-02 1.122E-02 8.697E-03 6.689E-03 5.093E-03
 3.838E-03 2.859E-03 2.096E-03 1.500E-03 1.040E-03 6.969E-04 4.573E-04
 7.949E-01 7.946E-01 7.944E-01 7.942E-01 7.938E-01 7.931E-01 7.921E-01 7.904E-01 7.879E-01 7.839E-01
 7.777E-01 7.682E-01 7.538E-01 7.328E-01 7.032E-01 6.640E-01 6.162E-01 5.633E-01 5.104E-01 4.611E-01
 4.168E-01 3.760E-01 3.364E-01 2.966E-01 2.559E-01 2.138E-01 1.716E-01 1.320E-01 9.827E-02 7.248E-02
 5.388E-02 4.048E-02 3.064E-02 2.335E-02 1.796E-02 1.393E-02 1.084E-02 8.411E-03 6.477E-03 4.938E-03
 3.725E-03 2.778E-03 2.038E-03 1.460E-03 1.013E-03 6.792E-04 4.459E-04
 7.784E-01 7.782E-01 7.780E-01 7.778E-01 7.774E-01 7.767E-01 7.757E-01 7.741E-01 7.716E-01 7.677E-01
 7.617E-01 7.524E-01 7.383E-01 7.177E-01 6.888E-01 6.504E-01 6.037E-01 5.519E-01 5.000E-01 4.516E-01
 4.081E-01 3.680E-01 3.290E-01 2.898E-01 2.498E-01 2.085E-01 1.671E-01 1.283E-01 9.528E-02 7.009E-02
 5.199E-02 3.899E-02 2.946E-02 2.242E-02 1.722E-02 1.334E-02 1.038E-02 8.056E-03 6.209E-03 4.740E-03
 3.581E-03 2.675E-03 1.965E-03 1.409E-03 9.785E-04 6.566E-04 4.313E-04
 7.553E-01 7.550E-01 7.549E-01 7.546E-01 7.543E-01 7.536E-01 7.527E-01 7.511E-01 7.487E-01 7.450E-01
 7.391E-01 7.301E-01 7.166E-01 6.967E-01 6.688E-01 6.317E-01 5.865E-01 5.364E-01 4.861E-01 4.391E-01
 3.966E-01 3.575E-01 3.194E-01 2.811E-01 2.420E-01 2.017E-01 1.614E-01 1.236E-01 9.158E-02 6.719E-02
 4.972E-02 3.723E-02 2.808E-02 2.134E-02 1.637E-02 1.267E-02 9.843E-03 7.635E-03 5.885E-03 4.496E-03
 3.402E-03 2.546E-03 1.874E-03 1.346E-03 9.352E-04 6.280E-04 4.129E-04
 7.223E-01 7.220E-01 7.219E-01 7.216E-01 7.213E-01 7.207E-01 7.198E-01 7.183E-01 7.160E-01 7.125E-01
 7.069E-01 6.984E-01 6.856E-01 6.668E-01 6.404E-01 6.053E-01 5.624E-01 5.149E-01 4.670E-01 4.221E-01
 3.812E-01 3.434E-01 3.066E-01 2.695E-01 2.317E-01 1.929E-01 1.540E-01 1.177E-01 8.696E-02 6.364E-02
 4.701E-02 3.515E-02 2.649E-02 2.010E-02 1.540E-02 1.190E-02 9.231E-03 7.150E-03 5.506E-03 4.207E-03
 3.186E-03 2.388E-03 1.761E-03 1.266E-03 8.811E-04 5.923E-04 3.899E-04
 6.758E-01 6.756E-01 6.754E-01 6.752E-01 6.749E-01 6.743E-01 6.735E-01 6.722E-01 6.701E-01 6.668E-01
 6.618E-01 6.540E-01 6.423E-01 6.250E-01 6.008E-01 5.686E-01 5.292E-01 4.854E-01 4.410E-01 3.991E-01
 3.607E-01 3.249E-01 2.898E-01 2.546E-01 2.186E-01 1.816E-01 1.448E-01 1.104E-01 8.136E-02 5.941E-02
 4.382E-02 3.274E-02 2.465E-02 1.869E-02 1.430E-02 1.103E-02 8.540E-03 6.601E-03 5.074E-03 3.871E-03
 2.931E-03 2.198E-03 1.623E-03 1.169E-03 8.145E-04 5.484E-04 3.619E-04
 6.127E-01 6.125E-01 6.124E-01 6.122E-01 6.119E-01 6.114E-01 6.107E-01 6.095E-01 6.077E-01 6.049E-01
 6.005E-01 5.937E-01 5.835E-01 5.685E-01 5.473E-01 5.192E-01 4.847E-01 4.461E-01 4.067E-01 3.691E-01
 3.342E-01 3.012E-01 2.686E-01 2.358E-01 2.022E-01 1.678E-01 1.335E-01 1.016E-01 7.474E-02 5.447E-02
 4.013E-02 2.996E-02 2.255E-02 1.708E-02 1.304E-02 1.004E-02 7.759E-03 5.983E-03 4.587E-03 3.490E-03
 2.637E-03 1.975E-03 1.459E-03 1.052E-03 7.343E-04 4.956E-04 3.281E-04
 5.310E-01 5.309E-01 5.308E-01 5.306E-01 5.304E-01 5.300E-01 5.295E-01 5.285E-01 5.271E-01 5.248E-01
 5.212E-01 5.158E-01 5.076E-01 4.955E-01 4.784E-01 4.557E-01 4.276E-01 3.959E-01 3.632E-01 3.313E-01
 3.010E-01 2.718E-01 2.426E-01 2.129E-01 1.825E-01 1.513E-01 1.202E-01 9.136E-02 6.707E-02 4.880E-02
 3.591E-02 2.678E-02 2.014E-02 1.523E-02 1.161E-02 8.915E-03 6.873E-03 5.286E-03 4.039E-03 3.062E-03
 2.305E-03 1.721E-03 1.270E-03 9.161E-04 6.405E-04 4.336E-04 2.884E-04
 4.328E-01 4.327E-01 4.326E-01 4.325E-01 4.323E-01 4.321E-01 4.317E-01 4.310E-01 4.300E-01 4.283E-01
 4.258E-01 4.220E-01 4.161E-01 4.075E-01 3.952E-01 3.788E-01 3.584E-01 3.350E-01 3.103E-01 2.854E-01
 2.609E-01 2.364E-01 2.115E-01 1.857E-01 1.592E-01 1.320E-01 1.048E-01 7.956E-02 5.830E-02 4.233E-02
 3.109E-02 2.315E-02 1.737E-02 1.310E-02 9.965E-03 7.636E-03 5.872E-03 4.504E-03 3.430E-03 2.589E-03
 1.940E-03 1.443E-03 1.061E-03 7.650E-04 5.354E-04 3.635E-04 2.432E-04
 3.260E-01 3.260E-01 3.259E-01 3.258E-01 3.258E-01 3.256E-01 3.253E-01 3.250E-01 3.243E-01 3.234E-01
 3.219E-01 3.196E-01 3.161E-01 3.110E-01 3.036E-01 2.937E-01 2.810E-01 2.661E-01 2.497E-01 2.324E-01
 2.143E-01 1.953E-01 1.753E-01 1.543E-01 1.325E-01 1.098E-01 8.726E-02 6.618E-02 4.841E-02 3.506E-02
 2.569E-02 1.907E-02 1.426E-02 1.073E-02 8.134E-03 6.216E-03 4.768E-03 3.647E-03 2.768E-03 2.081E-03
 1.552E-03 1.150E-03 8.429E-04 6.062E-04 4.238E-04 2.882E-04 1.941E-04
 2.241E-01 2.241E-01 2.241E-01 2.241E-01 2.240E-01 2.240E-01 2.238E-01 2.237E-01 2.234E-01 2.229E-01
 2.223E-01 2.212E-01 2.196E-01 2.172E-01 2.137E-01 2.089E-01 2.025E-01 1.947E-01 1.854E-01 1.748E-01
 1.629E-01 1.496E-01 1.349E-01 1.192E-01 1.025E-01 8.509E-02 6.767E-02 5.133E-02 3.752E-02 2.712E-02
 1.982E-02 1.466E-02 1.092E-02 8.184E-03 6.184E-03 4.713E-03 3.606E-03 2.751E-03 2.083E-03 1.561E-03
 1.161E-03 8.580E-04 6.273E-04 4.495E-04 3.130E-04 2.126E-04 1.440E-04
 1.394E-01 1.394E-01 1.394E-01 1.393E-01 1.393E-01 1.393E-01 1.393E-01 1.392E-01 1.391E-01 1.390E-01
 1.387E-01 1.384E-01 1.378E-01 1.369E-01 1.356E-01 1.338E-01 1.312E-01 1.277E-01 1.232E-01 1.176E-01
 1.106E-01 1.024E-01 9.286E-02 8.230E-02 7.094E-02 5.903E-02 4.704E-02 3.576E-02 2.616E-02 1.892E-02
 1.381E-02 1.020E-02 7.568E-03 5.648E-03 4.253E-03 3.233E-03 2.470E-03 1.882E-03 1.423E-03 1.067E-03
 7.942E-04 5.872E-04 4.290E-04 3.062E-04 2.119E-04 1.432E-04 9.745E-05
 7.604E-02 7.604E-02 7.603E-02 7.603E-02 7.603E-02 7.602E-02 7.601E-02 7.599E-02 7.596E-02 7.591E-02
 7.584E-02 7.573E-02 7.555E-02 7.528E-02 7.486E-02 7.422E-02 7.327E-02 7.189E-02 6.995E-02 6.729E-02
 6.380E-02 5.941E-02 5.415E-02 4.814E-02 4.160E-02 3.472E-02 2.779E-02 2.123E-02 1.561E-02 1.134E-02
 8.295E-03 6.124E-03 4.536E-03 3.374E-03 2.534E-03 1.924E-03 1.470E-03 1.122E-03 8.510E-04 6.409E-04
 4.796E-04 3.565E-04 2.612E-04 1.862E-04 1.281E-04 8.610E-05 5.885E-05
 3.382E-02 3.382E-02 3.382E-02 3.381E-02 3.381E-02 3.381E-02 3.381E-02 3.380E-02 3.379E-02 3.378E-02
 3.376E-02 3.372E-02 3.366E-02 3.357E-02 3.343E-02 3.322E-02 3.289E-02 3.239E-02 3.165E-02 3.060E-02
 2.915E-02 2.725E-02 2.490E-02 2.219E-02 1.922E-02 1.612E-02 1.299E-02 1.003E-02 7.466E-03 5.480E-03
 4.038E-03 2.990E-03 2.213E-03 1.643E-03 1.232E-03 9.352E-04 7.164E-04 5.497E-04 4.205E-04 3.201E-04
 2.425E-04 1.823E-04 1.348E-04 9.649E-05 6.645E-05 4.483E-05 3.108E-05
 1.108E-02 1.108E-02 1.108E-02 1.108E-02 1.108E-02 1.108E-02 1.107E-02 1.107E-02 1.107E-02 1.107E-02
 1.106E-02 1.105E-02 1.103E-02 1.101E-02 1.097E-02 1.090E-02 1.081E-02 1.066E-02 1.043E-02 1.011E-02
 9.646E-03 9.033E-03 8.269E-03 7.385E-03 6.427E-03 5.434E-03 4.441E-03 3.492E-03 2.653E-03 1.982E-03
 1.479E-03 1.102E-03 8.166E-04 6.052E-04 4.528E-04 3.439E-04 2.644E-04 2.048E-04 1.589E-04 1.233E-04
 9.539E-05 7.329E-05 5.529E-05 4.038E-05 2.845E-05 1.982E-05 1.437E-05
 2.364E-03 2.364E-03 2.364E-03 2.364E-03 2.364E-03 2.364E-03 2.363E-03 2.363E-03 2.363E-03 2.362E-03
 2.360E-03 2.358E-03 2.355E-03 2.350E-03 2.342E-03 2.330E-03 2.310E-03 2.281E-03 2.236E-03 2.171E-03
 2.078E-03 1.955E-03 1.802E-03 1.625E-03 1.434E-03 1.236E-03 1.034E-03 8.355E-04 6.521E-04 4.978E-04
 3.767E-04 2.830E-04 2.105E-04 1.558E-04 1.162E-04 8.813E-05 6.808E-05 5.344E-05 4.250E-05 3.411E-05
 2.751E-05 2.211E-05 1.752E-05 1.356E-05 1.029E-05 7.862E-06 6.317E-06
 2.983E-04 2.982E-04 2.982E-04 2.982E-04 2.982E-04 2.982E-04 2.982E-04 2.982E-04 2.981E-04 2.980E-04
 2.979E-04 2.977E-04 2.974E-04 2.970E-04 2.962E-04 2.951E-04 2.933E-04 2.905E-04 2.863E-04 2.801E-04
 2.713E-04 2.595E-04 2.446E-04 2.268E-04 2.066E-04 1.841E-04 1.592E-04 1.325E-04 1.059E-04 8.236E-05
 6.326E-05 4.825E-05 3.638E-05 2.723E-05 2.054E-05 1.583E-05 1.253E-05 1.023E-05 8.603E-06 7.410E-06
 6.479E-06 5.689E-06 4.977E-06 4.328E-06 3.767E-06 3.331E-06 3.040E-06
 2.297E-05 2.297E-05 2.297E-05 2.296E-05 2.296E-05 2.296E-05 2.296E-05 2.296E-05 2.296E-05 2.296E-05
 2.295E-05 2.295E-05 2.294E-05 2.292E-05 2.290E-05 2.286E-05 2.280E-05 2.270E-05 2.255E-05 2.233E-05
 2.200E-05 2.154E-05 2.089E-05 2.002E-05 1.886E-05 1.736E-05 1.548E-05 1.326E-05 1.093E-05 8.801E-06
 7.086E-06 5.751E-06 4.678E-06 3.829E-06 3.200E-06 2.755E-06 2.446E-06 2.236E-06 2.094E-06 1.996E-06
 1.922E-06 1.857E-06 1.796E-06 1.737E-06 1.684E-06 1.640E-06 1.608E-06
 1.546E-06 1.546E-06 1.546E-06 1.546E-06 1.546E-06 1.546E-06 1.545E-06 1.545E-06 1.545E-06 1.545E-06
 1.545E-06 1.545E-06 1.545E-06 1.545E-06 1.544E-06 1.544E-06 1.542E-06 1.541E-06 1.538E-06 1.534E-06
 1.527E-06 1.516E-06 1.500E-06 1.477E-06 1.442E-06 1.393E-06 1.329E-06 1.251E-06 1.168E-06 1.092E-06
 1.032E-06 9.867E-07 9.497E-07 9.197E-07 8.973E-07 8.813E-07 8.701E-07 8.624E-07 8.574E-07 8.539E-07
 8.513E-07 8.490E-07 8.467E-07 8.444E-07 8.421E-07 8.397E-07 8.374E-07
 3.938E-07 3.938E-07 3.938E-07 3.938E-07 3.938E-07 3.938E-07 3.938E-07 3.938E-07 3.938E-07 3.938E-07
 3.938E-07 3.938E-07 3.938E-07 3.938E-07 3.938E-07 3.938E-07 3.938E-07 3.937E-07 3.937E-07 3.937E-07
 3.937E-07 3.936E-07 3.935E-07 3.933E-07 3.931E-07 3.928E-07 3.923E-07 3.918E-07 3.913E-07 3.908E-07
 3.904E-07 3.901E-07 3.898E-07 3.896E-07 3.894E-07 3.893E-07 3.893E-07 3.892E-07 3.891E-07 3.891E-07
 3.890E-07 3.890E-07 3.889E-07 3.887E-07 3.885E-07 3.881E-07 3.875E-07

