b(CO,H2,H) (km/s)    =   0.30  3.00  5.00
Tex(CO,H2) (K)       =   5.00 11.18
[12C]/[13C]          =  35
[16O]/[18O]          = 557
[18O]/[17O]          =   3.6
n[N(12CO)]           =  47
n[N(H2)]             =  42
N(12CO)
 1.000E+00
 1.000E+10
 1.585E+10
 2.512E+10
 3.981E+10
 6.310E+10
 1.000E+11
 1.585E+11
 2.512E+11
 3.981E+11
 6.310E+11
 1.000E+12
 1.585E+12
 2.512E+12
 3.981E+12
 6.310E+12
 1.000E+13
 1.585E+13
 2.512E+13
 3.981E+13
 6.310E+13
 1.000E+14
 1.585E+14
 2.512E+14
 3.981E+14
 6.310E+14
 1.000E+15
 1.585E+15
 2.512E+15
 3.981E+15
 6.310E+15
 1.000E+16
 1.585E+16
 2.512E+16
 3.981E+16
 6.310E+16
 1.000E+17
 1.585E+17
 2.512E+17
 3.981E+17
 6.310E+17
 1.000E+18
 1.585E+18
 2.512E+18
 3.981E+18
 6.310E+18
 1.000E+19
N(H2)
 1.000E+00
 1.000E+15
 1.585E+15
 2.512E+15
 3.981E+15
 6.310E+15
 1.000E+16
 1.585E+16
 2.512E+16
 3.981E+16
 6.310E+16
 1.000E+17
 1.585E+17
 2.512E+17
 3.981E+17
 6.310E+17
 1.000E+18
 1.585E+18
 2.512E+18
 3.981E+18
 6.310E+18
 1.000E+19
 1.585E+19
 2.512E+19
 3.981E+19
 6.310E+19
 1.000E+20
 1.585E+20
 2.512E+20
 3.981E+20
 6.310E+20
 1.000E+21
 1.585E+21
 2.512E+21
 3.981E+21
 6.310E+21
 1.000E+22
 1.585E+22
 2.512E+22
 3.981E+22
 6.310E+22
 1.000E+23
12C16O
 1.000E+00 9.997E-01 9.995E-01 9.992E-01 9.988E-01 9.981E-01 9.970E-01 9.953E-01 9.926E-01 9.883E-01
 9.817E-01 9.716E-01 9.562E-01 9.337E-01 9.020E-01 8.597E-01 8.078E-01 7.495E-01 6.898E-01 6.320E-01
 5.773E-01 5.245E-01 4.714E-01 4.170E-01 3.607E-01 3.021E-01 2.427E-01 1.865E-01 1.382E-01 1.007E-01
 7.359E-02 5.428E-02 4.040E-02 3.031E-02 2.295E-02 1.752E-02 1.342E-02 1.028E-02 7.837E-03 5.941E-03
 4.466E-03 3.321E-03 2.427E-03 1.727E-03 1.188E-03 7.902E-04 5.157E-04
 8.985E-01 8.983E-01 8.981E-01 8.978E-01 8.974E-01 8.967E-01 8.956E-01 8.939E-01 8.913E-01 8.871E-01
 8.806E-01 8.707E-01 8.557E-01 8.338E-01 8.029E-01 7.620E-01 7.120E-01 6.567E-01 6.012E-01 5.491E-01
 5.017E-01 4.573E-01 4.131E-01 3.674E-01 3.194E-01 2.687E-01 2.170E-01 1.677E-01 1.251E-01 9.180E-02
 6.746E-02 4.997E-02 3.733E-02 2.814E-02 2.140E-02 1.641E-02 1.263E-02 9.716E-03 7.438E-03 5.651E-03
 4.255E-03 3.170E-03 2.323E-03 1.660E-03 1.148E-03 7.677E-04 5.032E-04
 8.966E-01 8.963E-01 8.962E-01 8.959E-01 8.955E-01 8.948E-01 8.937E-01 8.920E-01 8.894E-01 8.852E-01
 8.787E-01 8.688E-01 8.538E-01 8.319E-01 8.010E-01 7.601E-01 7.101E-01 6.549E-01 5.993E-01 5.473E-01
 5.000E-01 4.557E-01 4.115E-01 3.660E-01 3.183E-01 2.678E-01 2.164E-01 1.673E-01 1.249E-01 9.169E-02
 6.741E-02 4.994E-02 3.731E-02 2.812E-02 2.139E-02 1.640E-02 1.263E-02 9.713E-03 7.436E-03 5.649E-03
 4.253E-03 3.168E-03 2.322E-03 1.660E-03 1.148E-03 7.674E-04 5.030E-04
 8.949E-01 8.946E-01 8.944E-01 8.941E-01 8.937E-01 8.930E-01 8.919E-01 8.903E-01 8.876E-01 8.834E-01
 8.770E-01 8.670E-01 8.521E-01 8.301E-01 7.992E-01 7.583E-01 7.084E-01 6.531E-01 5.976E-01 5.456E-01
 4.983E-01 4.541E-01 4.101E-01 3.648E-01 3.172E-01 2.670E-01 2.158E-01 1.670E-01 1.247E-01 9.159E-02
 6.735E-02 4.991E-02 3.729E-02 2.811E-02 2.138E-02 1.639E-02 1.262E-02 9.710E-03 7.433E-03 5.648E-03
 4.252E-03 3.167E-03 2.321E-03 1.659E-03 1.147E-03 7.671E-04 5.028E-04
 8.932E-01 8.929E-01 8.927E-01 8.924E-01 8.920E-01 8.913E-01 8.903E-01 8.886E-01 8.859E-01 8.817E-01
 8.753E-01 8.653E-01 8.504E-01 8.284E-01 7.976E-01 7.567E-01 7.067E-01 6.515E-01 5.960E-01 5.440E-01
 4.968E-01 4.526E-01 4.087E-01 3.636E-01 3.162E-01 2.662E-01 2.153E-01 1.666E-01 1.245E-01 9.148E-02
 6.730E-02 4.988E-02 3.727E-02 2.809E-02 2.137E-02 1.639E-02 1.262E-02 9.706E-03 7.431E-03 5.646E-03
 4.250E-03 3.166E-03 2.320E-03 1.658E-03 1.147E-03 7.668E-04 5.026E-04
 8.915E-01 8.912E-01 8.911E-01 8.908E-01 8.904E-01 8.897E-01 8.886E-01 8.869E-01 8.843E-01 8.801E-01
 8.736E-01 8.637E-01 8.487E-01 8.268E-01 7.959E-01 7.550E-01 7.051E-01 6.499E-01 5.944E-01 5.425E-01
 4.953E-01 4.512E-01 4.074E-01 3.624E-01 3.151E-01 2.654E-01 2.147E-01 1.663E-01 1.243E-01 9.137E-02
 6.724E-02 4.984E-02 3.725E-02 2.808E-02 2.136E-02 1.638E-02 1.261E-02 9.703E-03 7.429E-03 5.644E-03
 4.249E-03 3.165E-03 2.319E-03 1.658E-03 1.146E-03 7.665E-04 5.024E-04
 8.899E-01 8.896E-01 8.895E-01 8.892E-01 8.888E-01 8.881E-01 8.870E-01 8.853E-01 8.827E-01 8.785E-01
 8.720E-01 8.621E-01 8.471E-01 8.252E-01 7.943E-01 7.534E-01 7.035E-01 6.483E-01 5.928E-01 5.409E-01
 4.938E-01 4.498E-01 4.061E-01 3.612E-01 3.141E-01 2.646E-01 2.141E-01 1.659E-01 1.241E-01 9.125E-02
 6.717E-02 4.981E-02 3.723E-02 2.806E-02 2.135E-02 1.637E-02 1.261E-02 9.700E-03 7.426E-03 5.642E-03
 4.247E-03 3.163E-03 2.318E-03 1.657E-03 1.146E-03 7.662E-04 5.023E-04
 8.855E-01 8.852E-01 8.850E-01 8.848E-01 8.843E-01 8.837E-01 8.826E-01 8.809E-01 8.782E-01 8.741E-01
 8.676E-01 8.577E-01 8.427E-01 8.208E-01 7.899E-01 7.491E-01 6.992E-01 6.440E-01 5.886E-01 5.367E-01
 4.897E-01 4.458E-01 4.022E-01 3.575E-01 3.107E-01 2.615E-01 2.113E-01 1.636E-01 1.222E-01 8.979E-02
 6.600E-02 4.879E-02 3.633E-02 2.729E-02 2.070E-02 1.585E-02 1.220E-02 9.390E-03 7.194E-03 5.469E-03
 4.121E-03 3.071E-03 2.251E-03 1.608E-03 1.112E-03 7.438E-04 4.880E-04
 8.834E-01 8.831E-01 8.829E-01 8.826E-01 8.822E-01 8.815E-01 8.805E-01 8.788E-01 8.761E-01 8.719E-01
 8.655E-01 8.556E-01 8.406E-01 8.187E-01 7.878E-01 7.469E-01 6.970E-01 6.419E-01 5.865E-01 5.347E-01
 4.877E-01 4.438E-01 4.004E-01 3.558E-01 3.092E-01 2.603E-01 2.104E-01 1.629E-01 1.218E-01 8.958E-02
 6.589E-02 4.874E-02 3.631E-02 2.727E-02 2.069E-02 1.585E-02 1.220E-02 9.386E-03 7.190E-03 5.467E-03
 4.119E-03 3.070E-03 2.250E-03 1.608E-03 1.111E-03 7.433E-04 4.877E-04
 8.814E-01 8.811E-01 8.809E-01 8.807E-01 8.802E-01 8.796E-01 8.785E-01 8.768E-01 8.741E-01 8.700E-01
 8.635E-01 8.536E-01 8.386E-01 8.167E-01 7.858E-01 7.450E-01 6.951E-01 6.399E-01 5.845E-01 5.328E-01
 4.858E-01 4.420E-01 3.987E-01 3.542E-01 3.078E-01 2.590E-01 2.095E-01 1.623E-01 1.214E-01 8.934E-02
 6.576E-02 4.868E-02 3.627E-02 2.725E-02 2.068E-02 1.584E-02 1.219E-02 9.381E-03 7.187E-03 5.464E-03
 4.117E-03 3.068E-03 2.248E-03 1.607E-03 1.111E-03 7.429E-04 4.874E-04
 8.792E-01 8.789E-01 8.788E-01 8.785E-01 8.781E-01 8.774E-01 8.763E-01 8.746E-01 8.720E-01 8.678E-01
 8.613E-01 8.514E-01 8.365E-01 8.145E-01 7.837E-01 7.428E-01 6.930E-01 6.378E-01 5.824E-01 5.307E-01
 4.838E-01 4.400E-01 3.968E-01 3.524E-01 3.062E-01 2.577E-01 2.084E-01 1.615E-01 1.209E-01 8.904E-02
 6.561E-02 4.861E-02 3.624E-02 2.723E-02 2.066E-02 1.582E-02 1.218E-02 9.376E-03 7.183E-03 5.461E-03
 4.114E-03 3.066E-03 2.247E-03 1.605E-03 1.110E-03 7.423E-04 4.870E-04
 8.766E-01 8.764E-01 8.762E-01 8.759E-01 8.755E-01 8.748E-01 8.737E-01 8.720E-01 8.694E-01 8.652E-01
 8.588E-01 8.488E-01 8.339E-01 8.120E-01 7.811E-01 7.403E-01 6.904E-01 6.352E-01 5.799E-01 5.282E-01
 4.813E-01 4.376E-01 3.945E-01 3.503E-01 3.042E-01 2.560E-01 2.070E-01 1.605E-01 1.202E-01 8.867E-02
 6.541E-02 4.851E-02 3.618E-02 2.720E-02 2.064E-02 1.581E-02 1.217E-02 9.368E-03 7.177E-03 5.457E-03
 4.111E-03 3.063E-03 2.245E-03 1.604E-03 1.109E-03 7.416E-04 4.866E-04
 8.735E-01 8.732E-01 8.730E-01 8.728E-01 8.723E-01 8.716E-01 8.706E-01 8.689E-01 8.662E-01 8.621E-01
 8.556E-01 8.457E-01 8.307E-01 8.088E-01 7.780E-01 7.371E-01 6.873E-01 6.321E-01 5.768E-01 5.252E-01
 4.783E-01 4.347E-01 3.917E-01 3.476E-01 3.018E-01 2.539E-01 2.053E-01 1.592E-01 1.194E-01 8.817E-02
 6.514E-02 4.837E-02 3.611E-02 2.715E-02 2.061E-02 1.579E-02 1.216E-02 9.358E-03 7.170E-03 5.451E-03
 4.106E-03 3.059E-03 2.242E-03 1.602E-03 1.107E-03 7.407E-04 4.860E-04
 8.697E-01 8.694E-01 8.692E-01 8.689E-01 8.685E-01 8.678E-01 8.668E-01 8.651E-01 8.624E-01 8.583E-01
 8.518E-01 8.419E-01 8.269E-01 8.050E-01 7.742E-01 7.333E-01 6.835E-01 6.284E-01 5.731E-01 5.215E-01
 4.747E-01 4.312E-01 3.883E-01 3.444E-01 2.989E-01 2.513E-01 2.032E-01 1.576E-01 1.183E-01 8.752E-02
 6.478E-02 4.818E-02 3.601E-02 2.709E-02 2.057E-02 1.576E-02 1.214E-02 9.344E-03 7.159E-03 5.443E-03
 4.100E-03 3.054E-03 2.238E-03 1.599E-03 1.105E-03 7.394E-04 4.852E-04
 8.652E-01 8.649E-01 8.647E-01 8.644E-01 8.640E-01 8.633E-01 8.623E-01 8.606E-01 8.579E-01 8.538E-01
 8.473E-01 8.374E-01 8.224E-01 8.005E-01 7.697E-01 7.289E-01 6.791E-01 6.240E-01 5.687E-01 5.172E-01
 4.705E-01 4.271E-01 3.843E-01 3.407E-01 2.955E-01 2.483E-01 2.007E-01 1.557E-01 1.170E-01 8.669E-02
 6.431E-02 4.792E-02 3.586E-02 2.700E-02 2.052E-02 1.572E-02 1.211E-02 9.325E-03 7.146E-03 5.432E-03
 4.091E-03 3.047E-03 2.233E-03 1.595E-03 1.103E-03 7.378E-04 4.842E-04
 8.600E-01 8.597E-01 8.595E-01 8.593E-01 8.588E-01 8.582E-01 8.571E-01 8.554E-01 8.527E-01 8.486E-01
 8.421E-01 8.322E-01 8.173E-01 7.954E-01 7.646E-01 7.238E-01 6.740E-01 6.190E-01 5.638E-01 5.123E-01
 4.656E-01 4.224E-01 3.798E-01 3.365E-01 2.916E-01 2.449E-01 1.979E-01 1.535E-01 1.154E-01 8.565E-02
 6.368E-02 4.756E-02 3.566E-02 2.688E-02 2.044E-02 1.567E-02 1.208E-02 9.300E-03 7.127E-03 5.417E-03
 4.079E-03 3.038E-03 2.226E-03 1.590E-03 1.099E-03 7.355E-04 4.827E-04
 8.543E-01 8.540E-01 8.539E-01 8.536E-01 8.532E-01 8.525E-01 8.514E-01 8.497E-01 8.471E-01 8.429E-01
 8.365E-01 8.266E-01 8.116E-01 7.898E-01 7.590E-01 7.182E-01 6.685E-01 6.135E-01 5.583E-01 5.069E-01
 4.604E-01 4.173E-01 3.749E-01 3.319E-01 2.873E-01 2.412E-01 1.947E-01 1.510E-01 1.135E-01 8.440E-02
 6.289E-02 4.709E-02 3.537E-02 2.671E-02 2.033E-02 1.561E-02 1.203E-02 9.267E-03 7.101E-03 5.397E-03
 4.064E-03 3.026E-03 2.216E-03 1.583E-03 1.094E-03 7.325E-04 4.809E-04
 8.482E-01 8.479E-01 8.477E-01 8.475E-01 8.470E-01 8.464E-01 8.453E-01 8.436E-01 8.410E-01 8.368E-01
 8.304E-01 8.205E-01 8.056E-01 7.837E-01 7.530E-01 7.122E-01 6.626E-01 6.076E-01 5.526E-01 5.013E-01
 4.549E-01 4.120E-01 3.698E-01 3.271E-01 2.829E-01 2.373E-01 1.914E-01 1.483E-01 1.115E-01 8.293E-02
 6.191E-02 4.647E-02 3.499E-02 2.648E-02 2.019E-02 1.551E-02 1.197E-02 9.221E-03 7.067E-03 5.371E-03
 4.043E-03 3.009E-03 2.204E-03 1.574E-03 1.088E-03 7.286E-04 4.784E-04
 8.416E-01 8.414E-01 8.412E-01 8.409E-01 8.405E-01 8.398E-01 8.387E-01 8.371E-01 8.344E-01 8.303E-01
 8.238E-01 8.140E-01 7.991E-01 7.773E-01 7.466E-01 7.059E-01 6.563E-01 6.015E-01 5.466E-01 4.954E-01
 4.492E-01 4.064E-01 3.645E-01 3.221E-01 2.785E-01 2.333E-01 1.880E-01 1.455E-01 1.093E-01 8.130E-02
 6.076E-02 4.570E-02 3.450E-02 2.617E-02 1.999E-02 1.538E-02 1.188E-02 9.157E-03 7.019E-03 5.334E-03
 4.015E-03 2.988E-03 2.188E-03 1.563E-03 1.081E-03 7.236E-04 4.752E-04
 8.345E-01 8.342E-01 8.340E-01 8.337E-01 8.333E-01 8.326E-01 8.316E-01 8.299E-01 8.273E-01 8.231E-01
 8.167E-01 8.069E-01 7.920E-01 7.702E-01 7.396E-01 6.991E-01 6.496E-01 5.949E-01 5.402E-01 4.892E-01
 4.432E-01 4.007E-01 3.591E-01 3.171E-01 2.740E-01 2.294E-01 1.847E-01 1.427E-01 1.071E-01 7.957E-02
 5.948E-02 4.480E-02 3.389E-02 2.576E-02 1.973E-02 1.521E-02 1.176E-02 9.070E-03 6.955E-03 5.286E-03
 3.977E-03 2.960E-03 2.167E-03 1.548E-03 1.071E-03 7.173E-04 4.711E-04
 8.265E-01 8.262E-01 8.260E-01 8.258E-01 8.254E-01 8.247E-01 8.236E-01 8.219E-01 8.193E-01 8.152E-01
 8.088E-01 7.990E-01 7.842E-01 7.625E-01 7.320E-01 6.916E-01 6.424E-01 5.879E-01 5.334E-01 4.826E-01
 4.369E-01 3.947E-01 3.536E-01 3.121E-01 2.695E-01 2.255E-01 1.814E-01 1.400E-01 1.048E-01 7.781E-02
 5.812E-02 4.379E-02 3.317E-02 2.526E-02 1.938E-02 1.497E-02 1.159E-02 8.950E-03 6.866E-03 5.220E-03
 3.928E-03 2.923E-03 2.140E-03 1.529E-03 1.058E-03 7.091E-04 4.659E-04
 8.176E-01 8.173E-01 8.171E-01 8.169E-01 8.164E-01 8.158E-01 8.147E-01 8.130E-01 8.104E-01 8.063E-01
 8.000E-01 7.902E-01 7.755E-01 7.540E-01 7.237E-01 6.835E-01 6.345E-01 5.804E-01 5.262E-01 4.758E-01
 4.304E-01 3.886E-01 3.479E-01 3.069E-01 2.649E-01 2.216E-01 1.781E-01 1.373E-01 1.026E-01 7.603E-02
 5.672E-02 4.271E-02 3.236E-02 2.466E-02 1.894E-02 1.465E-02 1.136E-02 8.786E-03 6.747E-03 5.132E-03
 3.863E-03 2.875E-03 2.106E-03 1.505E-03 1.042E-03 6.986E-04 4.591E-04
 8.073E-01 8.070E-01 8.069E-01 8.066E-01 8.062E-01 8.055E-01 8.045E-01 8.028E-01 8.002E-01 7.962E-01
 7.899E-01 7.802E-01 7.657E-01 7.443E-01 7.142E-01 6.745E-01 6.259E-01 5.723E-01 5.186E-01 4.686E-01
 4.237E-01 3.823E-01 3.421E-01 3.016E-01 2.603E-01 2.175E-01 1.747E-01 1.345E-01 1.004E-01 7.418E-02
 5.524E-02 4.154E-02 3.145E-02 2.396E-02 1.841E-02 1.425E-02 1.107E-02 8.568E-03 6.586E-03 5.014E-03
 3.777E-03 2.813E-03 2.061E-03 1.474E-03 1.022E-03 6.851E-04 4.504E-04
 7.949E-01 7.946E-01 7.944E-01 7.942E-01 7.938E-01 7.931E-01 7.921E-01 7.904E-01 7.879E-01 7.839E-01
 7.777E-01 7.682E-01 7.538E-01 7.327E-01 7.031E-01 6.639E-01 6.160E-01 5.631E-01 5.101E-01 4.608E-01
 4.164E-01 3.755E-01 3.358E-01 2.960E-01 2.552E-01 2.131E-01 1.710E-01 1.314E-01 9.785E-02 7.215E-02
 5.361E-02 4.025E-02 3.042E-02 2.315E-02 1.778E-02 1.376E-02 1.069E-02 8.285E-03 6.377E-03 4.860E-03
 3.665E-03 2.733E-03 2.004E-03 1.435E-03 9.951E-04 6.678E-04 4.392E-04
 7.784E-01 7.782E-01 7.780E-01 7.778E-01 7.774E-01 7.767E-01 7.757E-01 7.741E-01 7.716E-01 7.677E-01
 7.616E-01 7.523E-01 7.383E-01 7.177E-01 6.887E-01 6.503E-01 6.035E-01 5.517E-01 4.998E-01 4.513E-01
 4.077E-01 3.675E-01 3.284E-01 2.892E-01 2.491E-01 2.079E-01 1.665E-01 1.277E-01 9.487E-02 6.977E-02
 5.173E-02 3.876E-02 2.925E-02 2.222E-02 1.704E-02 1.318E-02 1.023E-02 7.935E-03 6.112E-03 4.664E-03
 3.523E-03 2.631E-03 1.932E-03 1.385E-03 9.615E-04 6.456E-04 4.249E-04
 7.553E-01 7.550E-01 7.549E-01 7.546E-01 7.543E-01 7.536E-01 7.527E-01 7.511E-01 7.487E-01 7.450E-01
 7.391E-01 7.301E-01 7.165E-01 6.967E-01 6.687E-01 6.316E-01 5.863E-01 5.362E-01 4.859E-01 4.388E-01
 3.963E-01 3.570E-01 3.188E-01 2.805E-01 2.413E-01 2.011E-01 1.608E-01 1.231E-01 9.116E-02 6.687E-02
 4.946E-02 3.700E-02 2.788E-02 2.115E-02 1.619E-02 1.251E-02 9.702E-03 7.517E-03 5.791E-03 4.423E-03
 3.346E-03 2.503E-03 1.842E-03 1.323E-03 9.190E-04 6.176E-04 4.068E-04
 7.223E-01 7.220E-01 7.219E-01 7.216E-01 7.213E-01 7.207E-01 7.198E-01 7.183E-01 7.160E-01 7.125E-01
 7.069E-01 6.984E-01 6.856E-01 6.668E-01 6.403E-01 6.052E-01 5.623E-01 5.147E-01 4.667E-01 4.218E-01
 3.809E-01 3.430E-01 3.060E-01 2.689E-01 2.311E-01 1.923E-01 1.534E-01 1.172E-01 8.656E-02 6.333E-02
 4.676E-02 3.493E-02 2.629E-02 1.992E-02 1.523E-02 1.174E-02 9.095E-03 7.037E-03 5.415E-03 4.136E-03
 3.132E-03 2.347E-03 1.731E-03 1.244E-03 8.659E-04 5.825E-04 3.842E-04
 6.758E-01 6.756E-01 6.754E-01 6.752E-01 6.749E-01 6.743E-01 6.735E-01 6.722E-01 6.701E-01 6.668E-01
 6.618E-01 6.540E-01 6.422E-01 6.250E-01 6.007E-01 5.685E-01 5.291E-01 4.852E-01 4.408E-01 3.988E-01
 3.604E-01 3.245E-01 2.893E-01 2.540E-01 2.180E-01 1.810E-01 1.442E-01 1.099E-01 8.098E-02 5.911E-02
 4.358E-02 3.252E-02 2.446E-02 1.852E-02 1.413E-02 1.088E-02 8.411E-03 6.494E-03 4.988E-03 3.805E-03
 2.880E-03 2.160E-03 1.595E-03 1.149E-03 8.004E-04 5.394E-04 3.566E-04
 6.127E-01 6.125E-01 6.124E-01 6.122E-01 6.119E-01 6.114E-01 6.107E-01 6.095E-01 6.077E-01 6.049E-01
 6.005E-01 5.937E-01 5.835E-01 5.684E-01 5.473E-01 5.191E-01 4.846E-01 4.459E-01 4.065E-01 3.689E-01
 3.339E-01 3.008E-01 2.682E-01 2.353E-01 2.017E-01 1.673E-01 1.330E-01 1.012E-01 7.438E-02 5.419E-02
 3.991E-02 2.977E-02 2.237E-02 1.692E-02 1.289E-02 9.903E-03 7.639E-03 5.883E-03 4.507E-03 3.429E-03
 2.589E-03 1.940E-03 1.433E-03 1.033E-03 7.214E-04 4.874E-04 3.233E-04
 5.310E-01 5.309E-01 5.308E-01 5.306E-01 5.304E-01 5.300E-01 5.295E-01 5.285E-01 5.271E-01 5.248E-01
 5.212E-01 5.158E-01 5.076E-01 4.955E-01 4.784E-01 4.556E-01 4.275E-01 3.958E-01 3.630E-01 3.311E-01
 3.008E-01 2.715E-01 2.422E-01 2.124E-01 1.820E-01 1.508E-01 1.198E-01 9.096E-02 6.675E-02 4.854E-02
 3.570E-02 2.660E-02 1.997E-02 1.508E-02 1.147E-02 8.790E-03 6.764E-03 5.196E-03 3.968E-03 3.007E-03
 2.262E-03 1.690E-03 1.246E-03 8.994E-04 6.291E-04 4.263E-04 2.842E-04
 4.328E-01 4.327E-01 4.326E-01 4.325E-01 4.323E-01 4.321E-01 4.317E-01 4.310E-01 4.300E-01 4.283E-01
 4.258E-01 4.219E-01 4.161E-01 4.074E-01 3.952E-01 3.788E-01 3.583E-01 3.349E-01 3.102E-01 2.852E-01
 2.607E-01 2.362E-01 2.111E-01 1.854E-01 1.588E-01 1.316E-01 1.045E-01 7.921E-02 5.802E-02 4.210E-02
 3.091E-02 2.299E-02 1.722E-02 1.297E-02 9.845E-03 7.528E-03 5.778E-03 4.427E-03 3.369E-03 2.542E-03
 1.903E-03 1.415E-03 1.041E-03 7.508E-04 5.258E-04 3.574E-04 2.397E-04
 3.260E-01 3.260E-01 3.259E-01 3.258E-01 3.257E-01 3.256E-01 3.253E-01 3.250E-01 3.243E-01 3.234E-01
 3.219E-01 3.196E-01 3.161E-01 3.110E-01 3.036E-01 2.936E-01 2.810E-01 2.661E-01 2.496E-01 2.323E-01
 2.141E-01 1.951E-01 1.751E-01 1.541E-01 1.322E-01 1.095E-01 8.696E-02 6.591E-02 4.819E-02 3.488E-02
 2.554E-02 1.894E-02 1.414E-02 1.062E-02 8.034E-03 6.127E-03 4.691E-03 3.584E-03 2.718E-03 2.043E-03
 1.522E-03 1.127E-03 8.267E-04 5.947E-04 4.161E-04 2.833E-04 1.913E-04
 2.241E-01 2.241E-01 2.241E-01 2.241E-01 2.240E-01 2.240E-01 2.238E-01 2.237E-01 2.234E-01 2.229E-01
 2.223E-01 2.212E-01 2.196E-01 2.172E-01 2.137E-01 2.089E-01 2.025E-01 1.947E-01 1.854E-01 1.747E-01
 1.628E-01 1.495E-01 1.348E-01 1.190E-01 1.023E-01 8.488E-02 6.745E-02 5.113E-02 3.735E-02 2.699E-02
 1.970E-02 1.456E-02 1.083E-02 8.101E-03 6.107E-03 4.643E-03 3.546E-03 2.703E-03 2.045E-03 1.532E-03
 1.139E-03 8.411E-04 6.150E-04 4.408E-04 3.072E-04 2.089E-04 1.419E-04
 1.394E-01 1.394E-01 1.394E-01 1.393E-01 1.393E-01 1.393E-01 1.393E-01 1.392E-01 1.391E-01 1.390E-01
 1.387E-01 1.383E-01 1.378E-01 1.369E-01 1.356E-01 1.338E-01 1.312E-01 1.277E-01 1.232E-01 1.175E-01
 1.106E-01 1.023E-01 9.278E-02 8.220E-02 7.082E-02 5.890E-02 4.691E-02 3.563E-02 2.606E-02 1.883E-02
 1.373E-02 1.013E-02 7.506E-03 5.590E-03 4.199E-03 3.185E-03 2.428E-03 1.849E-03 1.397E-03 1.047E-03
 7.788E-04 5.755E-04 4.204E-04 3.002E-04 2.078E-04 1.407E-04 9.605E-05
 7.604E-02 7.604E-02 7.603E-02 7.603E-02 7.603E-02 7.602E-02 7.601E-02 7.599E-02 7.596E-02 7.591E-02
 7.584E-02 7.573E-02 7.555E-02 7.528E-02 7.486E-02 7.422E-02 7.327E-02 7.189E-02 6.994E-02 6.728E-02
 6.378E-02 5.938E-02 5.411E-02 4.809E-02 4.154E-02 3.465E-02 2.772E-02 2.116E-02 1.555E-02 1.129E-02
 8.253E-03 6.085E-03 4.499E-03 3.339E-03 2.501E-03 1.895E-03 1.445E-03 1.102E-03 8.357E-04 6.291E-04
 4.706E-04 3.496E-04 2.561E-04 1.824E-04 1.255E-04 8.457E-05 5.802E-05
 3.382E-02 3.382E-02 3.382E-02 3.381E-02 3.381E-02 3.381E-02 3.381E-02 3.380E-02 3.379E-02 3.378E-02
 3.376E-02 3.372E-02 3.366E-02 3.357E-02 3.343E-02 3.322E-02 3.289E-02 3.239E-02 3.165E-02 3.059E-02
 2.914E-02 2.724E-02 2.489E-02 2.217E-02 1.920E-02 1.609E-02 1.297E-02 1.000E-02 7.441E-03 5.458E-03
 4.019E-03 2.972E-03 2.196E-03 1.626E-03 1.216E-03 9.214E-04 7.047E-04 5.404E-04 4.134E-04 3.146E-04
 2.382E-04 1.790E-04 1.322E-04 9.458E-05 6.514E-05 4.403E-05 3.065E-05
 1.108E-02 1.108E-02 1.108E-02 1.108E-02 1.108E-02 1.108E-02 1.107E-02 1.107E-02 1.107E-02 1.107E-02
 1.106E-02 1.105E-02 1.103E-02 1.101E-02 1.097E-02 1.090E-02 1.081E-02 1.066E-02 1.043E-02 1.010E-02
 9.644E-03 9.030E-03 8.265E-03 7.380E-03 6.421E-03 5.427E-03 4.434E-03 3.484E-03 2.645E-03 1.975E-03
 1.472E-03 1.096E-03 8.108E-04 5.997E-04 4.477E-04 3.393E-04 2.606E-04 2.017E-04 1.566E-04 1.214E-04
 9.390E-05 7.208E-05 5.432E-05 3.962E-05 2.792E-05 1.948E-05 1.420E-05
 2.364E-03 2.364E-03 2.364E-03 2.364E-03 2.364E-03 2.364E-03 2.363E-03 2.363E-03 2.363E-03 2.362E-03
 2.360E-03 2.358E-03 2.355E-03 2.350E-03 2.342E-03 2.330E-03 2.310E-03 2.281E-03 2.236E-03 2.170E-03
 2.078E-03 1.955E-03 1.801E-03 1.624E-03 1.433E-03 1.235E-03 1.033E-03 8.340E-04 6.506E-04 4.963E-04
 3.753E-04 2.817E-04 2.093E-04 1.547E-04 1.152E-04 8.724E-05 6.733E-05 5.284E-05 4.201E-05 3.371E-05
 2.716E-05 2.180E-05 1.725E-05 1.334E-05 1.012E-05 7.756E-06 6.260E-06
 2.983E-04 2.982E-04 2.982E-04 2.982E-04 2.982E-04 2.982E-04 2.982E-04 2.982E-04 2.981E-04 2.980E-04
 2.979E-04 2.977E-04 2.974E-04 2.970E-04 2.962E-04 2.951E-04 2.933E-04 2.905E-04 2.863E-04 2.801E-04
 2.713E-04 2.595E-04 2.445E-04 2.268E-04 2.065E-04 1.840E-04 1.590E-04 1.323E-04 1.058E-04 8.220E-05
 6.311E-05 4.811E-05 3.625E-05 2.711E-05 2.044E-05 1.574E-05 1.246E-05 1.017E-05 8.544E-06 7.354E-06
 6.425E-06 5.637E-06 4.928E-06 4.285E-06 3.733E-06 3.308E-06 3.027E-06
 2.297E-05 2.297E-05 2.297E-05 2.296E-05 2.296E-05 2.296E-05 2.296E-05 2.296E-05 2.296E-05 2.296E-05
 2.295E-05 2.295E-05 2.294E-05 2.292E-05 2.290E-05 2.286E-05 2.280E-05 2.270E-05 2.255E-05 2.233E-05
 2.200E-05 2.154E-05 2.089E-05 2.002E-05 1.886E-05 1.736E-05 1.547E-05 1.325E-05 1.092E-05 8.792E-06
 7.077E-06 5.743E-06 4.671E-06 3.823E-06 3.194E-06 2.750E-06 2.441E-06 2.231E-06 2.089E-06 1.991E-06
 1.916E-06 1.851E-06 1.790E-06 1.732E-06 1.680E-06 1.637E-06 1.607E-06
 1.546E-06 1.546E-06 1.546E-06 1.546E-06 1.546E-06 1.546E-06 1.545E-06 1.545E-06 1.545E-06 1.545E-06
 1.545E-06 1.545E-06 1.545E-06 1.545E-06 1.544E-06 1.544E-06 1.542E-06 1.541E-06 1.538E-06 1.534E-06
 1.527E-06 1.516E-06 1.500E-06 1.477E-06 1.442E-06 1.393E-06 1.329E-06 1.251E-06 1.167E-06 1.092E-06
 1.032E-06 9.866E-07 9.495E-07 9.196E-07 8.971E-07 8.811E-07 8.699E-07 8.623E-07 8.572E-07 8.537E-07
 8.511E-07 8.488E-07 8.465E-07 8.442E-07 8.419E-07 8.396E-07 8.373E-07
 3.938E-07 3.938E-07 3.938E-07 3.938E-07 3.938E-07 3.938E-07 3.938E-07 3.938E-07 3.938E-07 3.938E-07
 3.938E-07 3.938E-07 3.938E-07 3.938E-07 3.938E-07 3.938E-07 3.938E-07 3.937E-07 3.937E-07 3.937E-07
 3.937E-07 3.936E-07 3.935E-07 3.933E-07 3.931E-07 3.928E-07 3.923E-07 3.918E-07 3.913E-07 3.908E-07
 3.904E-07 3.901E-07 3.898E-07 3.896E-07 3.894E-07 3.893E-07 3.893E-07 3.892E-07 3.891E-07 3.891E-07
 3.890E-07 3.890E-07 3.889E-07 3.887E-07 3.885E-07 3.881E-07 3.875E-07

