b(CO,H2,H) (km/s)    =   0.30  3.00  5.00
Tex(CO,H2) (K)       =  20.00 89.44
[12C]/[13C]          =  35
[16O]/[18O]          = 557
[18O]/[17O]          =   3.6
n[N(12CO)]           =  47
n[N(H2)]             =  42
N(12CO)
 1.000E+00
 1.000E+10
 1.585E+10
 2.512E+10
 3.981E+10
 6.310E+10
 1.000E+11
 1.585E+11
 2.512E+11
 3.981E+11
 6.310E+11
 1.000E+12
 1.585E+12
 2.512E+12
 3.981E+12
 6.310E+12
 1.000E+13
 1.585E+13
 2.512E+13
 3.981E+13
 6.310E+13
 1.000E+14
 1.585E+14
 2.512E+14
 3.981E+14
 6.310E+14
 1.000E+15
 1.585E+15
 2.512E+15
 3.981E+15
 6.310E+15
 1.000E+16
 1.585E+16
 2.512E+16
 3.981E+16
 6.310E+16
 1.000E+17
 1.585E+17
 2.512E+17
 3.981E+17
 6.310E+17
 1.000E+18
 1.585E+18
 2.512E+18
 3.981E+18
 6.310E+18
 1.000E+19
N(H2)
 1.000E+00
 1.000E+15
 1.585E+15
 2.512E+15
 3.981E+15
 6.310E+15
 1.000E+16
 1.585E+16
 2.512E+16
 3.981E+16
 6.310E+16
 1.000E+17
 1.585E+17
 2.512E+17
 3.981E+17
 6.310E+17
 1.000E+18
 1.585E+18
 2.512E+18
 3.981E+18
 6.310E+18
 1.000E+19
 1.585E+19
 2.512E+19
 3.981E+19
 6.310E+19
 1.000E+20
 1.585E+20
 2.512E+20
 3.981E+20
 6.310E+20
 1.000E+21
 1.585E+21
 2.512E+21
 3.981E+21
 6.310E+21
 1.000E+22
 1.585E+22
 2.512E+22
 3.981E+22
 6.310E+22
 1.000E+23
12C16O
 1.000E+00 9.999E-01 9.998E-01 9.997E-01 9.995E-01 9.992E-01 9.988E-01 9.981E-01 9.969E-01 9.951E-01
 9.923E-01 9.880E-01 9.811E-01 9.707E-01 9.549E-01 9.318E-01 8.992E-01 8.561E-01 8.036E-01 7.456E-01
 6.874E-01 6.311E-01 5.755E-01 5.186E-01 4.598E-01 3.984E-01 3.345E-01 2.689E-01 2.055E-01 1.495E-01
 1.050E-01 7.305E-02 5.122E-02 3.634E-02 2.605E-02 1.889E-02 1.388E-02 1.029E-02 7.676E-03 5.735E-03
 4.276E-03 3.167E-03 2.311E-03 1.642E-03 1.129E-03 7.536E-04 4.962E-04
 9.097E-01 9.096E-01 9.095E-01 9.094E-01 9.092E-01 9.089E-01 9.085E-01 9.078E-01 9.066E-01 9.049E-01
 9.021E-01 8.978E-01 8.911E-01 8.808E-01 8.653E-01 8.426E-01 8.107E-01 7.686E-01 7.176E-01 6.619E-01
 6.069E-01 5.553E-01 5.057E-01 4.562E-01 4.055E-01 3.525E-01 2.967E-01 2.391E-01 1.832E-01 1.336E-01
 9.425E-02 6.598E-02 4.665E-02 3.339E-02 2.413E-02 1.765E-02 1.305E-02 9.724E-03 7.265E-03 5.429E-03
 4.050E-03 3.006E-03 2.202E-03 1.573E-03 1.088E-03 7.309E-04 4.836E-04
 9.079E-01 9.078E-01 9.077E-01 9.076E-01 9.074E-01 9.071E-01 9.067E-01 9.060E-01 9.049E-01 9.031E-01
 9.004E-01 8.960E-01 8.893E-01 8.790E-01 8.635E-01 8.408E-01 8.089E-01 7.668E-01 7.158E-01 6.602E-01
 6.052E-01 5.536E-01 5.041E-01 4.547E-01 4.040E-01 3.512E-01 2.955E-01 2.381E-01 1.824E-01 1.330E-01
 9.385E-02 6.572E-02 4.650E-02 3.330E-02 2.409E-02 1.762E-02 1.303E-02 9.707E-03 7.251E-03 5.418E-03
 4.042E-03 3.000E-03 2.197E-03 1.570E-03 1.086E-03 7.298E-04 4.829E-04
 9.062E-01 9.060E-01 9.060E-01 9.059E-01 9.057E-01 9.054E-01 9.049E-01 9.042E-01 9.031E-01 9.014E-01
 8.986E-01 8.943E-01 8.876E-01 8.773E-01 8.618E-01 8.391E-01 8.072E-01 7.651E-01 7.141E-01 6.585E-01
 6.035E-01 5.519E-01 5.025E-01 4.531E-01 4.026E-01 3.498E-01 2.943E-01 2.371E-01 1.816E-01 1.324E-01
 9.346E-02 6.547E-02 4.635E-02 3.322E-02 2.404E-02 1.759E-02 1.301E-02 9.690E-03 7.237E-03 5.407E-03
 4.034E-03 2.994E-03 2.193E-03 1.567E-03 1.084E-03 7.287E-04 4.823E-04
 9.044E-01 9.043E-01 9.042E-01 9.041E-01 9.039E-01 9.036E-01 9.032E-01 9.025E-01 9.014E-01 8.996E-01
 8.969E-01 8.925E-01 8.858E-01 8.756E-01 8.600E-01 8.373E-01 8.054E-01 7.633E-01 7.124E-01 6.567E-01
 6.018E-01 5.503E-01 5.009E-01 4.516E-01 4.011E-01 3.485E-01 2.932E-01 2.362E-01 1.809E-01 1.319E-01
 9.307E-02 6.523E-02 4.621E-02 3.314E-02 2.399E-02 1.756E-02 1.299E-02 9.672E-03 7.222E-03 5.396E-03
 4.025E-03 2.988E-03 2.189E-03 1.564E-03 1.083E-03 7.276E-04 4.816E-04
 9.026E-01 9.025E-01 9.024E-01 9.023E-01 9.021E-01 9.018E-01 9.014E-01 9.007E-01 8.996E-01 8.978E-01
 8.951E-01 8.908E-01 8.840E-01 8.738E-01 8.583E-01 8.355E-01 8.036E-01 7.616E-01 7.106E-01 6.550E-01
 6.001E-01 5.486E-01 4.992E-01 4.500E-01 3.997E-01 3.472E-01 2.920E-01 2.352E-01 1.801E-01 1.313E-01
 9.269E-02 6.499E-02 4.606E-02 3.306E-02 2.394E-02 1.753E-02 1.296E-02 9.653E-03 7.207E-03 5.384E-03
 4.017E-03 2.982E-03 2.185E-03 1.561E-03 1.081E-03 7.264E-04 4.809E-04
 9.007E-01 9.006E-01 9.005E-01 9.004E-01 9.002E-01 8.999E-01 8.995E-01 8.988E-01 8.977E-01 8.959E-01
 8.931E-01 8.888E-01 8.821E-01 8.718E-01 8.563E-01 8.336E-01 8.017E-01 7.597E-01 7.087E-01 6.531E-01
 5.983E-01 5.468E-01 4.975E-01 4.484E-01 3.982E-01 3.458E-01 2.908E-01 2.342E-01 1.793E-01 1.308E-01
 9.231E-02 6.475E-02 4.592E-02 3.297E-02 2.389E-02 1.749E-02 1.294E-02 9.631E-03 7.190E-03 5.371E-03
 4.007E-03 2.976E-03 2.180E-03 1.558E-03 1.079E-03 7.252E-04 4.802E-04
 8.935E-01 8.934E-01 8.933E-01 8.932E-01 8.930E-01 8.927E-01 8.923E-01 8.916E-01 8.905E-01 8.887E-01
 8.859E-01 8.816E-01 8.749E-01 8.646E-01 8.492E-01 8.264E-01 7.946E-01 7.525E-01 7.016E-01 6.461E-01
 5.913E-01 5.399E-01 4.908E-01 4.419E-01 3.919E-01 3.399E-01 2.854E-01 2.294E-01 1.753E-01 1.276E-01
 8.999E-02 6.309E-02 4.472E-02 3.206E-02 2.319E-02 1.695E-02 1.253E-02 9.331E-03 6.966E-03 5.204E-03
 3.884E-03 2.886E-03 2.116E-03 1.512E-03 1.047E-03 7.038E-04 4.664E-04
 8.905E-01 8.904E-01 8.903E-01 8.902E-01 8.900E-01 8.897E-01 8.893E-01 8.886E-01 8.875E-01 8.857E-01
 8.830E-01 8.787E-01 8.720E-01 8.617E-01 8.462E-01 8.235E-01 7.916E-01 7.496E-01 6.987E-01 6.432E-01
 5.885E-01 5.373E-01 4.882E-01 4.395E-01 3.897E-01 3.379E-01 2.837E-01 2.280E-01 1.742E-01 1.268E-01
 8.946E-02 6.275E-02 4.451E-02 3.193E-02 2.310E-02 1.689E-02 1.249E-02 9.297E-03 6.940E-03 5.184E-03
 3.869E-03 2.876E-03 2.109E-03 1.508E-03 1.044E-03 7.020E-04 4.653E-04
 8.874E-01 8.873E-01 8.872E-01 8.871E-01 8.869E-01 8.866E-01 8.862E-01 8.855E-01 8.844E-01 8.826E-01
 8.799E-01 8.756E-01 8.689E-01 8.586E-01 8.431E-01 8.204E-01 7.886E-01 7.466E-01 6.957E-01 6.403E-01
 5.857E-01 5.345E-01 4.856E-01 4.370E-01 3.875E-01 3.359E-01 2.819E-01 2.266E-01 1.732E-01 1.261E-01
 8.895E-02 6.243E-02 4.431E-02 3.180E-02 2.301E-02 1.683E-02 1.244E-02 9.261E-03 6.912E-03 5.164E-03
 3.855E-03 2.866E-03 2.102E-03 1.503E-03 1.041E-03 7.001E-04 4.641E-04
 8.839E-01 8.838E-01 8.837E-01 8.836E-01 8.834E-01 8.832E-01 8.827E-01 8.820E-01 8.809E-01 8.791E-01
 8.764E-01 8.721E-01 8.654E-01 8.551E-01 8.396E-01 8.170E-01 7.852E-01 7.432E-01 6.924E-01 6.370E-01
 5.825E-01 5.315E-01 4.828E-01 4.344E-01 3.851E-01 3.338E-01 2.801E-01 2.251E-01 1.720E-01 1.253E-01
 8.841E-02 6.208E-02 4.409E-02 3.166E-02 2.292E-02 1.676E-02 1.239E-02 9.223E-03 6.884E-03 5.143E-03
 3.840E-03 2.856E-03 2.095E-03 1.499E-03 1.038E-03 6.983E-04 4.629E-04
 8.800E-01 8.799E-01 8.798E-01 8.797E-01 8.795E-01 8.792E-01 8.788E-01 8.781E-01 8.770E-01 8.752E-01
 8.725E-01 8.681E-01 8.615E-01 8.512E-01 8.357E-01 8.131E-01 7.813E-01 7.393E-01 6.886E-01 6.333E-01
 5.789E-01 5.280E-01 4.795E-01 4.314E-01 3.823E-01 3.314E-01 2.780E-01 2.234E-01 1.707E-01 1.244E-01
 8.782E-02 6.172E-02 4.386E-02 3.151E-02 2.282E-02 1.669E-02 1.234E-02 9.184E-03 6.855E-03 5.122E-03
 3.825E-03 2.845E-03 2.088E-03 1.494E-03 1.035E-03 6.964E-04 4.617E-04
 8.755E-01 8.754E-01 8.753E-01 8.752E-01 8.750E-01 8.748E-01 8.743E-01 8.736E-01 8.725E-01 8.708E-01
 8.680E-01 8.637E-01 8.570E-01 8.468E-01 8.313E-01 8.087E-01 7.769E-01 7.350E-01 6.843E-01 6.291E-01
 5.748E-01 5.241E-01 4.758E-01 4.279E-01 3.792E-01 3.286E-01 2.756E-01 2.214E-01 1.692E-01 1.233E-01
 8.717E-02 6.131E-02 4.361E-02 3.135E-02 2.271E-02 1.661E-02 1.229E-02 9.144E-03 6.826E-03 5.100E-03
 3.809E-03 2.834E-03 2.080E-03 1.489E-03 1.032E-03 6.944E-04 4.605E-04
 8.705E-01 8.704E-01 8.703E-01 8.702E-01 8.700E-01 8.698E-01 8.693E-01 8.686E-01 8.675E-01 8.658E-01
 8.630E-01 8.587E-01 8.520E-01 8.418E-01 8.263E-01 8.037E-01 7.719E-01 7.301E-01 6.794E-01 6.243E-01
 5.701E-01 5.196E-01 4.715E-01 4.239E-01 3.755E-01 3.252E-01 2.727E-01 2.191E-01 1.675E-01 1.221E-01
 8.641E-02 6.085E-02 4.333E-02 3.117E-02 2.259E-02 1.653E-02 1.223E-02 9.101E-03 6.794E-03 5.077E-03
 3.792E-03 2.821E-03 2.071E-03 1.483E-03 1.028E-03 6.920E-04 4.590E-04
 8.648E-01 8.647E-01 8.646E-01 8.645E-01 8.643E-01 8.640E-01 8.636E-01 8.629E-01 8.618E-01 8.600E-01
 8.573E-01 8.530E-01 8.463E-01 8.361E-01 8.206E-01 7.980E-01 7.663E-01 7.244E-01 6.738E-01 6.188E-01
 5.647E-01 5.143E-01 4.664E-01 4.190E-01 3.709E-01 3.211E-01 2.692E-01 2.162E-01 1.653E-01 1.207E-01
 8.549E-02 6.031E-02 4.299E-02 3.095E-02 2.245E-02 1.643E-02 1.216E-02 9.050E-03 6.756E-03 5.049E-03
 3.772E-03 2.806E-03 2.061E-03 1.475E-03 1.023E-03 6.892E-04 4.573E-04
 8.581E-01 8.579E-01 8.579E-01 8.578E-01 8.576E-01 8.573E-01 8.569E-01 8.562E-01 8.551E-01 8.533E-01
 8.506E-01 8.463E-01 8.396E-01 8.293E-01 8.139E-01 7.913E-01 7.596E-01 7.178E-01 6.673E-01 6.123E-01
 5.583E-01 5.080E-01 4.603E-01 4.132E-01 3.655E-01 3.162E-01 2.649E-01 2.127E-01 1.627E-01 1.189E-01
 8.436E-02 5.963E-02 4.258E-02 3.068E-02 2.227E-02 1.631E-02 1.207E-02 8.989E-03 6.711E-03 5.015E-03
 3.746E-03 2.788E-03 2.047E-03 1.466E-03 1.017E-03 6.856E-04 4.551E-04
 8.501E-01 8.500E-01 8.499E-01 8.498E-01 8.496E-01 8.493E-01 8.489E-01 8.482E-01 8.471E-01 8.453E-01
 8.426E-01 8.383E-01 8.316E-01 8.214E-01 8.060E-01 7.834E-01 7.517E-01 7.099E-01 6.595E-01 6.046E-01
 5.507E-01 5.006E-01 4.531E-01 4.063E-01 3.591E-01 3.104E-01 2.598E-01 2.086E-01 1.595E-01 1.167E-01
 8.300E-02 5.881E-02 4.206E-02 3.034E-02 2.204E-02 1.616E-02 1.196E-02 8.911E-03 6.654E-03 4.972E-03
 3.714E-03 2.763E-03 2.030E-03 1.455E-03 1.010E-03 6.810E-04 4.522E-04
 8.407E-01 8.406E-01 8.405E-01 8.404E-01 8.402E-01 8.400E-01 8.395E-01 8.388E-01 8.377E-01 8.360E-01
 8.332E-01 8.289E-01 8.223E-01 8.120E-01 7.967E-01 7.741E-01 7.425E-01 7.007E-01 6.503E-01 5.955E-01
 5.418E-01 4.919E-01 4.447E-01 3.983E-01 3.516E-01 3.036E-01 2.539E-01 2.037E-01 1.558E-01 1.141E-01
 8.134E-02 5.779E-02 4.141E-02 2.992E-02 2.175E-02 1.596E-02 1.183E-02 8.812E-03 6.580E-03 4.916E-03
 3.672E-03 2.733E-03 2.008E-03 1.440E-03 1.000E-03 6.750E-04 4.485E-04
 8.299E-01 8.298E-01 8.297E-01 8.296E-01 8.294E-01 8.291E-01 8.287E-01 8.280E-01 8.269E-01 8.251E-01
 8.224E-01 8.181E-01 8.115E-01 8.013E-01 7.859E-01 7.634E-01 7.318E-01 6.902E-01 6.398E-01 5.852E-01
 5.316E-01 4.820E-01 4.351E-01 3.892E-01 3.431E-01 2.958E-01 2.472E-01 1.982E-01 1.515E-01 1.111E-01
 7.936E-02 5.653E-02 4.060E-02 2.938E-02 2.139E-02 1.571E-02 1.165E-02 8.685E-03 6.486E-03 4.846E-03
 3.618E-03 2.693E-03 1.980E-03 1.420E-03 9.878E-04 6.673E-04 4.437E-04
 8.176E-01 8.175E-01 8.174E-01 8.173E-01 8.171E-01 8.168E-01 8.164E-01 8.157E-01 8.146E-01 8.128E-01
 8.101E-01 8.058E-01 7.992E-01 7.890E-01 7.737E-01 7.512E-01 7.197E-01 6.782E-01 6.280E-01 5.736E-01
 5.203E-01 4.709E-01 4.245E-01 3.791E-01 3.337E-01 2.873E-01 2.398E-01 1.920E-01 1.467E-01 1.076E-01
 7.699E-02 5.500E-02 3.960E-02 2.870E-02 2.093E-02 1.539E-02 1.143E-02 8.523E-03 6.366E-03 4.755E-03
 3.551E-03 2.643E-03 1.944E-03 1.396E-03 9.722E-04 6.575E-04 4.376E-04
 8.037E-01 8.036E-01 8.035E-01 8.034E-01 8.032E-01 8.030E-01 8.025E-01 8.018E-01 8.007E-01 7.990E-01
 7.963E-01 7.920E-01 7.854E-01 7.752E-01 7.600E-01 7.376E-01 7.062E-01 6.648E-01 6.149E-01 5.607E-01
 5.077E-01 4.587E-01 4.128E-01 3.681E-01 3.234E-01 2.781E-01 2.317E-01 1.852E-01 1.414E-01 1.036E-01
 7.422E-02 5.313E-02 3.836E-02 2.787E-02 2.035E-02 1.499E-02 1.114E-02 8.317E-03 6.214E-03 4.641E-03
 3.466E-03 2.581E-03 1.900E-03 1.366E-03 9.527E-04 6.453E-04 4.299E-04
 7.882E-01 7.880E-01 7.880E-01 7.879E-01 7.877E-01 7.874E-01 7.870E-01 7.863E-01 7.852E-01 7.835E-01
 7.808E-01 7.765E-01 7.699E-01 7.598E-01 7.446E-01 7.223E-01 6.911E-01 6.500E-01 6.003E-01 5.465E-01
 4.940E-01 4.455E-01 4.002E-01 3.563E-01 3.125E-01 2.683E-01 2.231E-01 1.780E-01 1.356E-01 9.920E-02
 7.105E-02 5.094E-02 3.685E-02 2.683E-02 1.964E-02 1.449E-02 1.078E-02 8.055E-03 6.020E-03 4.499E-03
 3.361E-03 2.506E-03 1.847E-03 1.330E-03 9.289E-04 6.302E-04 4.204E-04
 7.706E-01 7.705E-01 7.705E-01 7.703E-01 7.702E-01 7.699E-01 7.695E-01 7.688E-01 7.677E-01 7.660E-01
 7.633E-01 7.591E-01 7.525E-01 7.425E-01 7.274E-01 7.053E-01 6.743E-01 6.335E-01 5.843E-01 5.310E-01
 4.790E-01 4.312E-01 3.867E-01 3.437E-01 3.010E-01 2.579E-01 2.141E-01 1.704E-01 1.295E-01 9.446E-02
 6.753E-02 4.841E-02 3.508E-02 2.559E-02 1.876E-02 1.387E-02 1.033E-02 7.726E-03 5.779E-03 4.322E-03
 3.233E-03 2.414E-03 1.782E-03 1.286E-03 9.000E-04 6.117E-04 4.086E-04
 7.507E-01 7.506E-01 7.505E-01 7.504E-01 7.502E-01 7.499E-01 7.495E-01 7.488E-01 7.478E-01 7.461E-01
 7.434E-01 7.392E-01 7.328E-01 7.229E-01 7.079E-01 6.861E-01 6.554E-01 6.151E-01 5.664E-01 5.138E-01
 4.627E-01 4.158E-01 3.722E-01 3.302E-01 2.886E-01 2.469E-01 2.045E-01 1.624E-01 1.230E-01 8.941E-02
 6.373E-02 4.561E-02 3.304E-02 2.412E-02 1.771E-02 1.311E-02 9.779E-03 7.320E-03 5.482E-03 4.107E-03
 3.079E-03 2.304E-03 1.706E-03 1.233E-03 8.653E-04 5.893E-04 3.943E-04
 7.274E-01 7.273E-01 7.273E-01 7.272E-01 7.270E-01 7.267E-01 7.263E-01 7.256E-01 7.246E-01 7.229E-01
 7.203E-01 7.162E-01 7.098E-01 7.001E-01 6.854E-01 6.639E-01 6.338E-01 5.941E-01 5.464E-01 4.947E-01
 4.446E-01 3.988E-01 3.564E-01 3.156E-01 2.754E-01 2.350E-01 1.943E-01 1.538E-01 1.161E-01 8.407E-02
 5.968E-02 4.258E-02 3.079E-02 2.246E-02 1.648E-02 1.221E-02 9.118E-03 6.835E-03 5.129E-03 3.852E-03
 2.897E-03 2.176E-03 1.616E-03 1.172E-03 8.239E-04 5.623E-04 3.770E-04
 6.997E-01 6.996E-01 6.996E-01 6.995E-01 6.993E-01 6.990E-01 6.986E-01 6.980E-01 6.969E-01 6.953E-01
 6.928E-01 6.888E-01 6.826E-01 6.731E-01 6.587E-01 6.378E-01 6.084E-01 5.698E-01 5.232E-01 4.730E-01
 4.243E-01 3.799E-01 3.389E-01 2.996E-01 2.609E-01 2.222E-01 1.832E-01 1.446E-01 1.088E-01 7.842E-02
 5.542E-02 3.939E-02 2.839E-02 2.065E-02 1.513E-02 1.119E-02 8.362E-03 6.278E-03 4.723E-03 3.560E-03
 2.689E-03 2.029E-03 1.512E-03 1.100E-03 7.753E-04 5.303E-04 3.565E-04
 6.658E-01 6.657E-01 6.656E-01 6.655E-01 6.653E-01 6.651E-01 6.647E-01 6.641E-01 6.631E-01 6.615E-01
 6.591E-01 6.552E-01 6.493E-01 6.401E-01 6.263E-01 6.062E-01 5.779E-01 5.407E-01 4.960E-01 4.477E-01
 4.009E-01 3.584E-01 3.192E-01 2.817E-01 2.448E-01 2.080E-01 1.711E-01 1.347E-01 1.009E-01 7.248E-02
 5.100E-02 3.608E-02 2.589E-02 1.875E-02 1.368E-02 1.010E-02 7.543E-03 5.671E-03 4.279E-03 3.239E-03
 2.459E-03 1.865E-03 1.396E-03 1.018E-03 7.194E-04 4.933E-04 3.326E-04
 6.229E-01 6.228E-01 6.227E-01 6.226E-01 6.225E-01 6.223E-01 6.219E-01 6.213E-01 6.204E-01 6.189E-01
 6.166E-01 6.130E-01 6.073E-01 5.987E-01 5.857E-01 5.667E-01 5.401E-01 5.051E-01 4.629E-01 4.174E-01
 3.733E-01 3.333E-01 2.964E-01 2.612E-01 2.267E-01 1.922E-01 1.577E-01 1.239E-01 9.259E-02 6.626E-02
 4.643E-02 3.268E-02 2.332E-02 1.680E-02 1.220E-02 8.973E-03 6.692E-03 5.037E-03 3.814E-03 2.900E-03
 2.213E-03 1.686E-03 1.267E-03 9.266E-04 6.560E-04 4.509E-04 3.051E-04
 5.676E-01 5.675E-01 5.674E-01 5.673E-01 5.672E-01 5.670E-01 5.666E-01 5.661E-01 5.653E-01 5.639E-01
 5.618E-01 5.585E-01 5.534E-01 5.455E-01 5.337E-01 5.164E-01 4.921E-01 4.602E-01 4.217E-01 3.801E-01
 3.397E-01 3.031E-01 2.694E-01 2.371E-01 2.056E-01 1.741E-01 1.427E-01 1.119E-01 8.350E-02 5.963E-02
 4.165E-02 2.918E-02 2.069E-02 1.480E-02 1.068E-02 7.823E-03 5.827E-03 4.392E-03 3.337E-03 2.549E-03
 1.955E-03 1.495E-03 1.126E-03 8.257E-04 5.855E-04 4.033E-04 2.740E-04
 4.961E-01 4.960E-01 4.959E-01 4.959E-01 4.957E-01 4.956E-01 4.953E-01 4.948E-01 4.941E-01 4.929E-01
 4.911E-01 4.882E-01 4.838E-01 4.770E-01 4.668E-01 4.518E-01 4.308E-01 4.031E-01 3.697E-01 3.335E-01
 2.984E-01 2.663E-01 2.367E-01 2.083E-01 1.806E-01 1.529E-01 1.252E-01 9.819E-02 7.326E-02 5.230E-02
 3.647E-02 2.545E-02 1.794E-02 1.273E-02 9.121E-03 6.652E-03 4.949E-03 3.738E-03 2.852E-03 2.189E-03
 1.686E-03 1.294E-03 9.767E-04 7.166E-04 5.083E-04 3.505E-04 2.391E-04
 4.067E-01 4.066E-01 4.066E-01 4.065E-01 4.064E-01 4.063E-01 4.061E-01 4.057E-01 4.051E-01 4.042E-01
 4.027E-01 4.005E-01 3.969E-01 3.915E-01 3.834E-01 3.715E-01 3.547E-01 3.326E-01 3.059E-01 2.768E-01
 2.482E-01 2.220E-01 1.976E-01 1.742E-01 1.511E-01 1.280E-01 1.049E-01 8.233E-02 6.152E-02 4.401E-02
 3.072E-02 2.140E-02 1.500E-02 1.057E-02 7.520E-03 5.461E-03 4.061E-03 3.077E-03 2.359E-03 1.821E-03
 1.409E-03 1.085E-03 8.197E-04 6.010E-04 4.256E-04 2.933E-04 2.006E-04
 3.034E-01 3.033E-01 3.033E-01 3.033E-01 3.032E-01 3.031E-01 3.029E-01 3.027E-01 3.023E-01 3.016E-01
 3.006E-01 2.990E-01 2.966E-01 2.928E-01 2.871E-01 2.788E-01 2.670E-01 2.515E-01 2.325E-01 2.117E-01
 1.911E-01 1.717E-01 1.534E-01 1.356E-01 1.179E-01 1.000E-01 8.208E-02 6.455E-02 4.841E-02 3.480E-02
 2.440E-02 1.702E-02 1.190E-02 8.332E-03 5.893E-03 4.266E-03 3.175E-03 2.415E-03 1.864E-03 1.449E-03
 1.128E-03 8.711E-04 6.585E-04 4.816E-04 3.396E-04 2.334E-04 1.600E-04
 1.981E-01 1.981E-01 1.981E-01 1.981E-01 1.980E-01 1.980E-01 1.979E-01 1.977E-01 1.975E-01 1.971E-01
 1.965E-01 1.956E-01 1.942E-01 1.921E-01 1.888E-01 1.841E-01 1.773E-01 1.683E-01 1.571E-01 1.447E-01
 1.320E-01 1.197E-01 1.077E-01 9.568E-02 8.345E-02 7.095E-02 5.836E-02 4.607E-02 3.478E-02 2.523E-02
 1.785E-02 1.252E-02 8.753E-03 6.109E-03 4.302E-03 3.109E-03 2.318E-03 1.773E-03 1.379E-03 1.082E-03
 8.488E-04 6.584E-04 4.977E-04 3.625E-04 2.541E-04 1.738E-04 1.193E-04
 1.088E-01 1.087E-01 1.087E-01 1.087E-01 1.087E-01 1.087E-01 1.086E-01 1.086E-01 1.085E-01 1.083E-01
 1.081E-01 1.077E-01 1.071E-01 1.062E-01 1.048E-01 1.028E-01 9.989E-02 9.596E-02 9.101E-02 8.527E-02
 7.911E-02 7.274E-02 6.613E-02 5.917E-02 5.185E-02 4.423E-02 3.652E-02 2.903E-02 2.216E-02 1.632E-02
 1.172E-02 8.310E-03 5.832E-03 4.065E-03 2.854E-03 2.061E-03 1.541E-03 1.186E-03 9.309E-04 7.379E-04
 5.841E-04 4.555E-04 3.444E-04 2.499E-04 1.740E-04 1.184E-04 8.143E-05
 4.895E-02 4.894E-02 4.894E-02 4.894E-02 4.893E-02 4.893E-02 4.892E-02 4.890E-02 4.887E-02 4.883E-02
 4.876E-02 4.866E-02 4.850E-02 4.824E-02 4.786E-02 4.728E-02 4.645E-02 4.529E-02 4.375E-02 4.186E-02
 3.962E-02 3.707E-02 3.416E-02 3.087E-02 2.723E-02 2.335E-02 1.941E-02 1.562E-02 1.215E-02 9.153E-03
 6.722E-03 4.838E-03 3.416E-03 2.379E-03 1.665E-03 1.200E-03 8.983E-04 6.951E-04 5.505E-04 4.411E-04
 3.526E-04 2.766E-04 2.095E-04 1.517E-04 1.053E-04 7.159E-05 4.960E-05
 1.808E-02 1.808E-02 1.808E-02 1.808E-02 1.808E-02 1.808E-02 1.808E-02 1.807E-02 1.807E-02 1.806E-02
 1.805E-02 1.803E-02 1.800E-02 1.796E-02 1.789E-02 1.778E-02 1.763E-02 1.739E-02 1.706E-02 1.661E-02
 1.600E-02 1.522E-02 1.422E-02 1.300E-02 1.158E-02 1.002E-02 8.445E-03 6.932E-03 5.538E-03 4.300E-03
 3.241E-03 2.370E-03 1.682E-03 1.168E-03 8.120E-04 5.816E-04 4.343E-04 3.369E-04 2.689E-04 2.176E-04
 1.755E-04 1.387E-04 1.056E-04 7.683E-05 5.370E-05 3.700E-05 2.626E-05
 5.320E-03 5.320E-03 5.320E-03 5.320E-03 5.320E-03 5.320E-03 5.319E-03 5.319E-03 5.318E-03 5.317E-03
 5.315E-03 5.313E-03 5.308E-03 5.302E-03 5.291E-03 5.275E-03 5.249E-03 5.210E-03 5.150E-03 5.061E-03
 4.929E-03 4.743E-03 4.488E-03 4.157E-03 3.756E-03 3.309E-03 2.852E-03 2.409E-03 1.986E-03 1.589E-03
 1.225E-03 9.060E-04 6.432E-04 4.437E-04 3.056E-04 2.168E-04 1.610E-04 1.250E-04 1.005E-04 8.221E-05
 6.716E-05 5.381E-05 4.165E-05 3.099E-05 2.238E-05 1.616E-05 1.218E-05
 1.077E-03 1.077E-03 1.077E-03 1.077E-03 1.077E-03 1.077E-03 1.077E-03 1.077E-03 1.077E-03 1.077E-03
 1.077E-03 1.076E-03 1.076E-03 1.075E-03 1.073E-03 1.071E-03 1.068E-03 1.062E-03 1.054E-03 1.041E-03
 1.021E-03 9.919E-04 9.510E-04 8.964E-04 8.285E-04 7.508E-04 6.681E-04 5.830E-04 4.952E-04 4.055E-04
 3.172E-04 2.362E-04 1.680E-04 1.159E-04 7.983E-05 5.669E-05 4.229E-05 3.326E-05 2.728E-05 2.287E-05
 1.924E-05 1.598E-05 1.298E-05 1.032E-05 8.131E-06 6.523E-06 5.477E-06
 1.219E-04 1.219E-04 1.219E-04 1.219E-04 1.219E-04 1.219E-04 1.219E-04 1.219E-04 1.219E-04 1.219E-04
 1.219E-04 1.218E-04 1.218E-04 1.217E-04 1.216E-04 1.215E-04 1.213E-04 1.209E-04 1.203E-04 1.194E-04
 1.180E-04 1.160E-04 1.131E-04 1.090E-04 1.037E-04 9.723E-05 8.955E-05 8.058E-05 7.020E-05 5.862E-05
 4.663E-05 3.539E-05 2.587E-05 1.858E-05 1.350E-05 1.020E-05 8.130E-06 6.849E-06 6.012E-06 5.395E-06
 4.875E-06 4.399E-06 3.950E-06 3.538E-06 3.186E-06 2.910E-06 2.717E-06
 7.087E-06 7.087E-06 7.087E-06 7.087E-06 7.087E-06 7.087E-06 7.087E-06 7.087E-06 7.086E-06 7.086E-06
 7.086E-06 7.085E-06 7.084E-06 7.083E-06 7.081E-06 7.077E-06 7.072E-06 7.063E-06 7.049E-06 7.028E-06
 6.995E-06 6.944E-06 6.868E-06 6.755E-06 6.594E-06 6.368E-06 6.061E-06 5.653E-06 5.137E-06 4.535E-06
 3.899E-06 3.303E-06 2.798E-06 2.409E-06 2.132E-06 1.947E-06 1.828E-06 1.752E-06 1.701E-06 1.663E-06
 1.628E-06 1.594E-06 1.559E-06 1.525E-06 1.493E-06 1.465E-06 1.442E-06
 8.097E-07 8.097E-07 8.097E-07 8.097E-07 8.097E-07 8.097E-07 8.097E-07 8.097E-07 8.097E-07 8.097E-07
 8.097E-07 8.097E-07 8.097E-07 8.096E-07 8.096E-07 8.096E-07 8.096E-07 8.095E-07 8.094E-07 8.092E-07
 8.089E-07 8.085E-07 8.078E-07 8.067E-07 8.051E-07 8.027E-07 7.993E-07 7.945E-07 7.885E-07 7.813E-07
 7.739E-07 7.669E-07 7.611E-07 7.566E-07 7.532E-07 7.508E-07 7.492E-07 7.481E-07 7.472E-07 7.465E-07
 7.457E-07 7.447E-07 7.437E-07 7.424E-07 7.409E-07 7.392E-07 7.372E-07
 3.326E-07 3.326E-07 3.326E-07 3.326E-07 3.326E-07 3.326E-07 3.326E-07 3.326E-07 3.326E-07 3.326E-07
 3.326E-07 3.326E-07 3.326E-07 3.326E-07 3.326E-07 3.326E-07 3.326E-07 3.326E-07 3.326E-07 3.326E-07
 3.326E-07 3.326E-07 3.326E-07 3.326E-07 3.326E-07 3.326E-07 3.326E-07 3.326E-07 3.326E-07 3.326E-07
 3.326E-07 3.326E-07 3.326E-07 3.326E-07 3.326E-07 3.326E-07 3.326E-07 3.325E-07 3.325E-07 3.325E-07
 3.325E-07 3.324E-07 3.323E-07 3.322E-07 3.320E-07 3.316E-07 3.311E-07
