b(CO,H2,H) (km/s)    =   3.00 11.22 15.87
Tex(CO,H2) (K)       =   5.00 11.18
[12C]/[13C]          =  35
[16O]/[18O]          = 557
[18O]/[17O]          =   3.6
n[N(12CO)]           =  47
n[N(H2)]             =  42

CO shielding rates     (for parameters/values rows & columns: check legend file)
 1.000E+00 1.000E+00 9.999E-01 9.999E-01 9.998E-01 9.998E-01 9.996E-01 9.994E-01 9.990E-01 9.985E-01 9.976E-01 9.962E-01 9.940E-01 9.905E-01 9.850E-01 9.766E-01 9.635E-01 9.436E-01 9.142E-01 8.721E-01 8.151E-01 7.430E-01 6.592E-01 5.697E-01 4.798E-01 3.917E-01 3.073E-01 2.300E-01 1.648E-01 1.151E-01 8.039E-02 5.699E-02 4.120E-02 3.031E-02 2.262E-02 1.706E-02 1.298E-02 9.938E-03 7.610E-03 5.799E-03 4.379E-03 3.267E-03 2.392E-03 1.704E-03 1.174E-03 7.818E-04 5.110E-04
 8.524E-01 8.524E-01 8.524E-01 8.524E-01 8.523E-01 8.522E-01 8.521E-01 8.519E-01 8.515E-01 8.510E-01 8.502E-01 8.488E-01 8.467E-01 8.435E-01 8.383E-01 8.303E-01 8.179E-01 7.992E-01 7.716E-01 7.323E-01 6.795E-01 6.136E-01 5.388E-01 4.616E-01 3.872E-01 3.170E-01 2.512E-01 1.907E-01 1.388E-01 9.864E-02 6.999E-02 5.028E-02 3.668E-02 2.716E-02 2.037E-02 1.545E-02 1.183E-02 9.100E-03 6.991E-03 5.334E-03 4.034E-03 3.021E-03 2.226E-03 1.600E-03 1.112E-03 7.482E-04 4.931E-04
 8.492E-01 8.492E-01 8.491E-01 8.491E-01 8.490E-01 8.490E-01 8.488E-01 8.486E-01 8.483E-01 8.477E-01 8.469E-01 8.456E-01 8.435E-01 8.402E-01 8.350E-01 8.270E-01 8.147E-01 7.960E-01 7.684E-01 7.291E-01 6.763E-01 6.106E-01 5.359E-01 4.588E-01 3.846E-01 3.148E-01 2.493E-01 1.892E-01 1.379E-01 9.810E-02 6.972E-02 5.015E-02 3.661E-02 2.711E-02 2.034E-02 1.543E-02 1.181E-02 9.086E-03 6.980E-03 5.324E-03 4.026E-03 3.014E-03 2.221E-03 1.596E-03 1.110E-03 7.465E-04 4.920E-04
 8.463E-01 8.463E-01 8.462E-01 8.462E-01 8.462E-01 8.461E-01 8.459E-01 8.457E-01 8.454E-01 8.449E-01 8.440E-01 8.427E-01 8.406E-01 8.373E-01 8.322E-01 8.241E-01 8.118E-01 7.931E-01 7.655E-01 7.263E-01 6.736E-01 6.078E-01 5.332E-01 4.563E-01 3.822E-01 3.127E-01 2.475E-01 1.879E-01 1.370E-01 9.756E-02 6.942E-02 4.999E-02 3.652E-02 2.706E-02 2.031E-02 1.540E-02 1.179E-02 9.073E-03 6.969E-03 5.316E-03 4.019E-03 3.008E-03 2.217E-03 1.593E-03 1.107E-03 7.450E-04 4.912E-04
 8.438E-01 8.438E-01 8.438E-01 8.438E-01 8.437E-01 8.436E-01 8.435E-01 8.433E-01 8.429E-01 8.424E-01 8.416E-01 8.402E-01 8.382E-01 8.349E-01 8.297E-01 8.217E-01 8.094E-01 7.907E-01 7.631E-01 7.239E-01 6.712E-01 6.055E-01 5.309E-01 4.541E-01 3.802E-01 3.108E-01 2.460E-01 1.867E-01 1.361E-01 9.701E-02 6.911E-02 4.982E-02 3.642E-02 2.700E-02 2.027E-02 1.538E-02 1.178E-02 9.061E-03 6.960E-03 5.308E-03 4.012E-03 3.003E-03 2.212E-03 1.590E-03 1.105E-03 7.437E-04 4.904E-04
 8.417E-01 8.417E-01 8.417E-01 8.416E-01 8.416E-01 8.415E-01 8.414E-01 8.412E-01 8.408E-01 8.403E-01 8.395E-01 8.381E-01 8.360E-01 8.328E-01 8.276E-01 8.196E-01 8.073E-01 7.886E-01 7.610E-01 7.218E-01 6.691E-01 6.035E-01 5.289E-01 4.522E-01 3.784E-01 3.092E-01 2.445E-01 1.855E-01 1.353E-01 9.645E-02 6.877E-02 4.962E-02 3.631E-02 2.694E-02 2.023E-02 1.536E-02 1.176E-02 9.050E-03 6.951E-03 5.301E-03 4.007E-03 2.998E-03 2.209E-03 1.587E-03 1.104E-03 7.426E-04 4.897E-04
 8.398E-01 8.398E-01 8.398E-01 8.397E-01 8.397E-01 8.396E-01 8.395E-01 8.393E-01 8.389E-01 8.384E-01 8.376E-01 8.362E-01 8.341E-01 8.309E-01 8.257E-01 8.177E-01 8.054E-01 7.867E-01 7.591E-01 7.200E-01 6.673E-01 6.016E-01 5.272E-01 4.505E-01 3.768E-01 3.077E-01 2.432E-01 1.844E-01 1.345E-01 9.588E-02 6.842E-02 4.941E-02 3.619E-02 2.687E-02 2.019E-02 1.533E-02 1.174E-02 9.039E-03 6.943E-03 5.295E-03 4.002E-03 2.994E-03 2.206E-03 1.585E-03 1.102E-03 7.416E-04 4.891E-04
 8.329E-01 8.329E-01 8.329E-01 8.328E-01 8.328E-01 8.327E-01 8.326E-01 8.324E-01 8.320E-01 8.315E-01 8.307E-01 8.293E-01 8.272E-01 8.240E-01 8.188E-01 8.108E-01 7.985E-01 7.798E-01 7.523E-01 7.131E-01 6.605E-01 5.949E-01 5.206E-01 4.441E-01 3.707E-01 3.020E-01 2.381E-01 1.800E-01 1.307E-01 9.283E-02 6.592E-02 4.732E-02 3.439E-02 2.534E-02 1.892E-02 1.431E-02 1.095E-02 8.441E-03 6.494E-03 4.957E-03 3.747E-03 2.803E-03 2.064E-03 1.482E-03 1.030E-03 6.934E-04 4.582E-04
 8.305E-01 8.305E-01 8.305E-01 8.304E-01 8.304E-01 8.303E-01 8.302E-01 8.299E-01 8.296E-01 8.291E-01 8.282E-01 8.269E-01 8.248E-01 8.216E-01 8.164E-01 8.084E-01 7.961E-01 7.774E-01 7.499E-01 7.108E-01 6.582E-01 5.926E-01 5.183E-01 4.419E-01 3.686E-01 3.001E-01 2.364E-01 1.786E-01 1.296E-01 9.210E-02 6.547E-02 4.706E-02 3.425E-02 2.526E-02 1.888E-02 1.429E-02 1.094E-02 8.431E-03 6.487E-03 4.951E-03 3.742E-03 2.799E-03 2.060E-03 1.479E-03 1.028E-03 6.922E-04 4.574E-04
 8.285E-01 8.284E-01 8.284E-01 8.284E-01 8.283E-01 8.282E-01 8.281E-01 8.279E-01 8.275E-01 8.270E-01 8.262E-01 8.249E-01 8.228E-01 8.195E-01 8.143E-01 8.063E-01 7.940E-01 7.754E-01 7.479E-01 7.087E-01 6.561E-01 5.907E-01 5.164E-01 4.400E-01 3.668E-01 2.985E-01 2.350E-01 1.774E-01 1.288E-01 9.151E-02 6.510E-02 4.685E-02 3.414E-02 2.520E-02 1.884E-02 1.427E-02 1.093E-02 8.422E-03 6.480E-03 4.945E-03 3.737E-03 2.795E-03 2.057E-03 1.477E-03 1.026E-03 6.912E-04 4.568E-04
 8.266E-01 8.265E-01 8.265E-01 8.265E-01 8.264E-01 8.263E-01 8.262E-01 8.260E-01 8.257E-01 8.251E-01 8.243E-01 8.230E-01 8.209E-01 8.176E-01 8.125E-01 8.045E-01 7.922E-01 7.735E-01 7.460E-01 7.069E-01 6.543E-01 5.888E-01 5.146E-01 4.384E-01 3.652E-01 2.970E-01 2.337E-01 1.764E-01 1.280E-01 9.098E-02 6.478E-02 4.667E-02 3.404E-02 2.515E-02 1.881E-02 1.425E-02 1.092E-02 8.414E-03 6.474E-03 4.940E-03 3.733E-03 2.792E-03 2.054E-03 1.475E-03 1.025E-03 6.902E-04 4.562E-04
 8.248E-01 8.247E-01 8.247E-01 8.247E-01 8.246E-01 8.245E-01 8.244E-01 8.242E-01 8.239E-01 8.233E-01 8.225E-01 8.212E-01 8.191E-01 8.158E-01 8.107E-01 8.027E-01 7.904E-01 7.717E-01 7.442E-01 7.051E-01 6.526E-01 5.871E-01 5.130E-01 4.368E-01 3.638E-01 2.957E-01 2.325E-01 1.754E-01 1.273E-01 9.048E-02 6.447E-02 4.650E-02 3.395E-02 2.509E-02 1.878E-02 1.423E-02 1.090E-02 8.405E-03 6.467E-03 4.935E-03 3.729E-03 2.788E-03 2.052E-03 1.473E-03 1.024E-03 6.893E-04 4.556E-04
 8.230E-01 8.230E-01 8.230E-01 8.229E-01 8.229E-01 8.228E-01 8.227E-01 8.225E-01 8.221E-01 8.216E-01 8.208E-01 8.194E-01 8.173E-01 8.141E-01 8.089E-01 8.009E-01 7.886E-01 7.700E-01 7.425E-01 7.034E-01 6.509E-01 5.855E-01 5.114E-01 4.352E-01 3.623E-01 2.944E-01 2.314E-01 1.745E-01 1.265E-01 8.998E-02 6.416E-02 4.632E-02 3.385E-02 2.504E-02 1.875E-02 1.421E-02 1.089E-02 8.395E-03 6.460E-03 4.930E-03 3.724E-03 2.785E-03 2.049E-03 1.471E-03 1.022E-03 6.884E-04 4.551E-04
 8.212E-01 8.212E-01 8.212E-01 8.211E-01 8.211E-01 8.210E-01 8.209E-01 8.206E-01 8.203E-01 8.198E-01 8.189E-01 8.176E-01 8.155E-01 8.123E-01 8.071E-01 7.991E-01 7.868E-01 7.682E-01 7.407E-01 7.017E-01 6.491E-01 5.838E-01 5.097E-01 4.336E-01 3.608E-01 2.930E-01 2.302E-01 1.735E-01 1.258E-01 8.944E-02 6.381E-02 4.612E-02 3.374E-02 2.498E-02 1.871E-02 1.418E-02 1.087E-02 8.384E-03 6.452E-03 4.923E-03 3.719E-03 2.781E-03 2.046E-03 1.468E-03 1.021E-03 6.874E-04 4.544E-04
 8.192E-01 8.192E-01 8.192E-01 8.191E-01 8.191E-01 8.190E-01 8.189E-01 8.187E-01 8.183E-01 8.178E-01 8.170E-01 8.156E-01 8.136E-01 8.103E-01 8.052E-01 7.972E-01 7.849E-01 7.663E-01 7.388E-01 6.997E-01 6.472E-01 5.819E-01 5.079E-01 4.319E-01 3.592E-01 2.915E-01 2.289E-01 1.724E-01 1.250E-01 8.885E-02 6.342E-02 4.588E-02 3.360E-02 2.490E-02 1.866E-02 1.415E-02 1.085E-02 8.371E-03 6.442E-03 4.916E-03 3.714E-03 2.776E-03 2.042E-03 1.466E-03 1.019E-03 6.863E-04 4.537E-04
 8.170E-01 8.169E-01 8.169E-01 8.169E-01 8.168E-01 8.167E-01 8.166E-01 8.164E-01 8.161E-01 8.155E-01 8.147E-01 8.134E-01 8.113E-01 8.080E-01 8.029E-01 7.949E-01 7.826E-01 7.640E-01 7.366E-01 6.975E-01 6.451E-01 5.798E-01 5.059E-01 4.300E-01 3.574E-01 2.899E-01 2.275E-01 1.712E-01 1.240E-01 8.817E-02 6.295E-02 4.558E-02 3.343E-02 2.479E-02 1.860E-02 1.411E-02 1.083E-02 8.353E-03 6.430E-03 4.906E-03 3.706E-03 2.770E-03 2.038E-03 1.463E-03 1.017E-03 6.850E-04 4.529E-04
 8.143E-01 8.143E-01 8.143E-01 8.143E-01 8.142E-01 8.141E-01 8.140E-01 8.138E-01 8.134E-01 8.129E-01 8.121E-01 8.108E-01 8.087E-01 8.054E-01 8.003E-01 7.923E-01 7.800E-01 7.614E-01 7.340E-01 6.950E-01 6.426E-01 5.774E-01 5.036E-01 4.278E-01 3.554E-01 2.880E-01 2.259E-01 1.699E-01 1.230E-01 8.739E-02 6.240E-02 4.521E-02 3.319E-02 2.466E-02 1.852E-02 1.406E-02 1.079E-02 8.329E-03 6.412E-03 4.893E-03 3.696E-03 2.763E-03 2.032E-03 1.459E-03 1.014E-03 6.833E-04 4.517E-04
 8.113E-01 8.113E-01 8.113E-01 8.112E-01 8.112E-01 8.111E-01 8.110E-01 8.107E-01 8.104E-01 8.099E-01 8.091E-01 8.077E-01 8.057E-01 8.024E-01 7.973E-01 7.893E-01 7.770E-01 7.585E-01 7.311E-01 6.921E-01 6.398E-01 5.747E-01 5.010E-01 4.253E-01 3.530E-01 2.860E-01 2.241E-01 1.684E-01 1.218E-01 8.646E-02 6.172E-02 4.474E-02 3.289E-02 2.447E-02 1.840E-02 1.399E-02 1.074E-02 8.295E-03 6.388E-03 4.875E-03 3.683E-03 2.753E-03 2.025E-03 1.454E-03 1.011E-03 6.810E-04 4.503E-04
 8.078E-01 8.078E-01 8.078E-01 8.077E-01 8.077E-01 8.076E-01 8.075E-01 8.072E-01 8.069E-01 8.064E-01 8.056E-01 8.042E-01 8.022E-01 7.989E-01 7.938E-01 7.858E-01 7.736E-01 7.551E-01 7.277E-01 6.888E-01 6.366E-01 5.716E-01 4.980E-01 4.225E-01 3.505E-01 2.836E-01 2.220E-01 1.666E-01 1.204E-01 8.537E-02 6.090E-02 4.415E-02 3.249E-02 2.421E-02 1.824E-02 1.388E-02 1.067E-02 8.247E-03 6.353E-03 4.850E-03 3.664E-03 2.739E-03 2.015E-03 1.446E-03 1.006E-03 6.779E-04 4.482E-04
 8.037E-01 8.037E-01 8.037E-01 8.037E-01 8.036E-01 8.035E-01 8.034E-01 8.032E-01 8.028E-01 8.023E-01 8.015E-01 8.002E-01 7.981E-01 7.948E-01 7.898E-01 7.818E-01 7.696E-01 7.511E-01 7.238E-01 6.850E-01 6.329E-01 5.681E-01 4.947E-01 4.194E-01 3.476E-01 2.810E-01 2.197E-01 1.647E-01 1.188E-01 8.410E-02 5.993E-02 4.344E-02 3.198E-02 2.387E-02 1.802E-02 1.373E-02 1.057E-02 8.176E-03 6.303E-03 4.813E-03 3.637E-03 2.719E-03 2.001E-03 1.436E-03 9.992E-04 6.736E-04 4.454E-04
 7.989E-01 7.989E-01 7.988E-01 7.988E-01 7.987E-01 7.987E-01 7.985E-01 7.983E-01 7.980E-01 7.975E-01 7.966E-01 7.953E-01 7.933E-01 7.900E-01 7.850E-01 7.770E-01 7.649E-01 7.464E-01 7.192E-01 6.806E-01 6.287E-01 5.641E-01 4.909E-01 4.159E-01 3.444E-01 2.781E-01 2.171E-01 1.625E-01 1.170E-01 8.266E-02 5.881E-02 4.259E-02 3.136E-02 2.343E-02 1.771E-02 1.353E-02 1.043E-02 8.075E-03 6.230E-03 4.761E-03 3.599E-03 2.691E-03 1.981E-03 1.423E-03 9.900E-04 6.675E-04 4.414E-04
 7.928E-01 7.928E-01 7.928E-01 7.928E-01 7.927E-01 7.926E-01 7.925E-01 7.923E-01 7.920E-01 7.914E-01 7.906E-01 7.893E-01 7.873E-01 7.840E-01 7.790E-01 7.711E-01 7.590E-01 7.407E-01 7.136E-01 6.752E-01 6.236E-01 5.593E-01 4.865E-01 4.119E-01 3.407E-01 2.748E-01 2.142E-01 1.600E-01 1.149E-01 8.105E-02 5.756E-02 4.162E-02 3.063E-02 2.289E-02 1.732E-02 1.325E-02 1.023E-02 7.933E-03 6.128E-03 4.686E-03 3.545E-03 2.653E-03 1.953E-03 1.404E-03 9.773E-04 6.591E-04 4.359E-04
 7.849E-01 7.849E-01 7.848E-01 7.848E-01 7.848E-01 7.847E-01 7.845E-01 7.843E-01 7.840E-01 7.835E-01 7.827E-01 7.814E-01 7.794E-01 7.762E-01 7.712E-01 7.634E-01 7.514E-01 7.332E-01 7.064E-01 6.682E-01 6.170E-01 5.533E-01 4.811E-01 4.070E-01 3.363E-01 2.709E-01 2.108E-01 1.572E-01 1.127E-01 7.925E-02 5.615E-02 4.053E-02 2.979E-02 2.224E-02 1.683E-02 1.288E-02 9.961E-03 7.737E-03 5.986E-03 4.584E-03 3.471E-03 2.600E-03 1.916E-03 1.378E-03 9.598E-04 6.475E-04 4.283E-04
 7.740E-01 7.739E-01 7.739E-01 7.739E-01 7.738E-01 7.737E-01 7.736E-01 7.734E-01 7.731E-01 7.726E-01 7.718E-01 7.705E-01 7.685E-01 7.653E-01 7.604E-01 7.527E-01 7.409E-01 7.229E-01 6.964E-01 6.588E-01 6.083E-01 5.453E-01 4.740E-01 4.007E-01 3.309E-01 2.661E-01 2.068E-01 1.538E-01 1.100E-01 7.715E-02 5.453E-02 3.927E-02 2.881E-02 2.148E-02 1.624E-02 1.243E-02 9.617E-03 7.480E-03 5.796E-03 4.445E-03 3.372E-03 2.529E-03 1.866E-03 1.343E-03 9.364E-04 6.320E-04 4.181E-04
 7.584E-01 7.584E-01 7.584E-01 7.583E-01 7.583E-01 7.582E-01 7.581E-01 7.579E-01 7.576E-01 7.571E-01 7.563E-01 7.550E-01 7.531E-01 7.500E-01 7.451E-01 7.376E-01 7.260E-01 7.084E-01 6.825E-01 6.456E-01 5.961E-01 5.343E-01 4.643E-01 3.924E-01 3.236E-01 2.600E-01 2.016E-01 1.496E-01 1.066E-01 7.461E-02 5.261E-02 3.781E-02 2.768E-02 2.060E-02 1.555E-02 1.189E-02 9.195E-03 7.156E-03 5.552E-03 4.266E-03 3.243E-03 2.436E-03 1.801E-03 1.298E-03 9.057E-04 6.115E-04 4.047E-04
 7.360E-01 7.359E-01 7.359E-01 7.359E-01 7.358E-01 7.358E-01 7.356E-01 7.355E-01 7.351E-01 7.347E-01 7.339E-01 7.327E-01 7.308E-01 7.278E-01 7.231E-01 7.158E-01 7.046E-01 6.876E-01 6.625E-01 6.268E-01 5.788E-01 5.189E-01 4.509E-01 3.809E-01 3.139E-01 2.517E-01 1.947E-01 1.441E-01 1.024E-01 7.149E-02 5.029E-02 3.608E-02 2.636E-02 1.958E-02 1.475E-02 1.126E-02 8.701E-03 6.769E-03 5.255E-03 4.044E-03 3.080E-03 2.319E-03 1.717E-03 1.240E-03 8.661E-04 5.852E-04 3.876E-04
 7.038E-01 7.037E-01 7.037E-01 7.037E-01 7.036E-01 7.036E-01 7.034E-01 7.033E-01 7.030E-01 7.025E-01 7.018E-01 7.006E-01 6.988E-01 6.960E-01 6.916E-01 6.846E-01 6.740E-01 6.578E-01 6.340E-01 6.001E-01 5.544E-01 4.973E-01 4.323E-01 3.652E-01 3.007E-01 2.408E-01 1.858E-01 1.371E-01 9.721E-02 6.768E-02 4.753E-02 3.405E-02 2.485E-02 1.843E-02 1.385E-02 1.055E-02 8.140E-03 6.325E-03 4.908E-03 3.779E-03 2.882E-03 2.174E-03 1.614E-03 1.167E-03 8.162E-04 5.521E-04 3.662E-04
 6.585E-01 6.584E-01 6.584E-01 6.584E-01 6.584E-01 6.583E-01 6.582E-01 6.580E-01 6.578E-01 6.573E-01 6.567E-01 6.556E-01 6.539E-01 6.513E-01 6.472E-01 6.409E-01 6.310E-01 6.161E-01 5.941E-01 5.628E-01 5.205E-01 4.675E-01 4.070E-01 3.442E-01 2.833E-01 2.265E-01 1.744E-01 1.284E-01 9.079E-02 6.311E-02 4.429E-02 3.171E-02 2.312E-02 1.712E-02 1.284E-02 9.762E-03 7.514E-03 5.828E-03 4.515E-03 3.473E-03 2.649E-03 2.000E-03 1.486E-03 1.077E-03 7.544E-04 5.112E-04 3.398E-04
 5.970E-01 5.970E-01 5.970E-01 5.969E-01 5.969E-01 5.968E-01 5.968E-01 5.966E-01 5.964E-01 5.960E-01 5.954E-01 5.945E-01 5.930E-01 5.907E-01 5.871E-01 5.815E-01 5.728E-01 5.597E-01 5.403E-01 5.126E-01 4.751E-01 4.279E-01 3.736E-01 3.167E-01 2.610E-01 2.086E-01 1.603E-01 1.177E-01 8.313E-02 5.775E-02 4.053E-02 2.901E-02 2.114E-02 1.563E-02 1.170E-02 8.873E-03 6.814E-03 5.273E-03 4.076E-03 3.128E-03 2.381E-03 1.796E-03 1.336E-03 9.688E-04 6.800E-04 4.619E-04 3.081E-04
 5.175E-01 5.175E-01 5.175E-01 5.175E-01 5.174E-01 5.174E-01 5.173E-01 5.172E-01 5.170E-01 5.167E-01 5.162E-01 5.155E-01 5.143E-01 5.124E-01 5.094E-01 5.048E-01 4.977E-01 4.869E-01 4.708E-01 4.479E-01 4.168E-01 3.772E-01 3.312E-01 2.822E-01 2.333E-01 1.866E-01 1.433E-01 1.051E-01 7.415E-02 5.153E-02 3.619E-02 2.590E-02 1.885E-02 1.391E-02 1.039E-02 7.866E-03 6.028E-03 4.654E-03 3.586E-03 2.742E-03 2.080E-03 1.565E-03 1.162E-03 8.435E-04 5.932E-04 4.042E-04 2.709E-04
 4.218E-01 4.218E-01 4.218E-01 4.217E-01 4.217E-01 4.217E-01 4.216E-01 4.215E-01 4.214E-01 4.212E-01 4.208E-01 4.202E-01 4.194E-01 4.180E-01 4.158E-01 4.123E-01 4.071E-01 3.990E-01 3.871E-01 3.699E-01 3.463E-01 3.160E-01 2.800E-01 2.405E-01 2.001E-01 1.604E-01 1.233E-01 9.039E-02 6.379E-02 4.438E-02 3.119E-02 2.231E-02 1.621E-02 1.194E-02 8.903E-03 6.727E-03 5.146E-03 3.964E-03 3.045E-03 2.318E-03 1.750E-03 1.311E-03 9.715E-04 7.047E-04 4.960E-04 3.389E-04 2.285E-04
 3.176E-01 3.176E-01 3.176E-01 3.176E-01 3.176E-01 3.176E-01 3.175E-01 3.175E-01 3.174E-01 3.172E-01 3.170E-01 3.167E-01 3.161E-01 3.152E-01 3.138E-01 3.116E-01 3.082E-01 3.030E-01 2.952E-01 2.838E-01 2.681E-01 2.474E-01 2.220E-01 1.930E-01 1.620E-01 1.305E-01 1.005E-01 7.377E-02 5.214E-02 3.634E-02 2.557E-02 1.828E-02 1.325E-02 9.732E-03 7.244E-03 5.468E-03 4.179E-03 3.212E-03 2.459E-03 1.864E-03 1.401E-03 1.046E-03 7.723E-04 5.588E-04 3.929E-04 2.688E-04 1.823E-04
 2.183E-01 2.183E-01 2.183E-01 2.183E-01 2.183E-01 2.183E-01 2.183E-01 2.182E-01 2.182E-01 2.181E-01 2.180E-01 2.178E-01 2.175E-01 2.170E-01 2.162E-01 2.150E-01 2.132E-01 2.103E-01 2.059E-01 1.995E-01 1.904E-01 1.780E-01 1.620E-01 1.428E-01 1.210E-01 9.812E-02 7.580E-02 5.580E-02 3.958E-02 2.770E-02 1.953E-02 1.396E-02 1.009E-02 7.389E-03 5.490E-03 4.143E-03 3.165E-03 2.428E-03 1.854E-03 1.402E-03 1.050E-03 7.817E-04 5.756E-04 4.150E-04 2.905E-04 1.984E-04 1.353E-04
 1.358E-01 1.358E-01 1.358E-01 1.358E-01 1.358E-01 1.358E-01 1.358E-01 1.358E-01 1.358E-01 1.357E-01 1.357E-01 1.356E-01 1.354E-01 1.352E-01 1.348E-01 1.343E-01 1.334E-01 1.320E-01 1.298E-01 1.266E-01 1.218E-01 1.151E-01 1.060E-01 9.442E-02 8.073E-02 6.584E-02 5.108E-02 3.780E-02 2.700E-02 1.903E-02 1.348E-02 9.642E-03 6.955E-03 5.076E-03 3.766E-03 2.843E-03 2.174E-03 1.668E-03 1.273E-03 9.613E-04 7.201E-04 5.360E-04 3.943E-04 2.831E-04 1.968E-04 1.337E-04 9.164E-05
 7.426E-02 7.426E-02 7.426E-02 7.426E-02 7.426E-02 7.426E-02 7.425E-02 7.425E-02 7.423E-02 7.422E-02 7.419E-02 7.415E-02 7.408E-02 7.397E-02 7.380E-02 7.353E-02 7.311E-02 7.245E-02 7.143E-02 6.988E-02 6.755E-02 6.417E-02 5.946E-02 5.328E-02 4.579E-02 3.751E-02 2.927E-02 2.185E-02 1.580E-02 1.128E-02 8.054E-03 5.770E-03 4.152E-03 3.021E-03 2.239E-03 1.692E-03 1.297E-03 9.986E-04 7.645E-04 5.798E-04 4.362E-04 3.261E-04 2.403E-04 1.721E-04 1.189E-04 8.042E-05 5.542E-05
 3.309E-02 3.309E-02 3.309E-02 3.309E-02 3.309E-02 3.309E-02 3.308E-02 3.308E-02 3.308E-02 3.307E-02 3.306E-02 3.304E-02 3.301E-02 3.296E-02 3.289E-02 3.278E-02 3.260E-02 3.232E-02 3.188E-02 3.121E-02 3.021E-02 2.873E-02 2.667E-02 2.395E-02 2.063E-02 1.697E-02 1.336E-02 1.013E-02 7.484E-03 5.447E-03 3.932E-03 2.821E-03 2.024E-03 1.467E-03 1.084E-03 8.210E-04 6.326E-04 4.905E-04 3.790E-04 2.905E-04 2.209E-04 1.667E-04 1.238E-04 8.899E-05 6.159E-05 4.185E-05 2.933E-05
 1.083E-02 1.083E-02 1.083E-02 1.083E-02 1.083E-02 1.083E-02 1.083E-02 1.083E-02 1.083E-02 1.083E-02 1.082E-02 1.082E-02 1.081E-02 1.079E-02 1.077E-02 1.073E-02 1.067E-02 1.058E-02 1.044E-02 1.022E-02 9.892E-03 9.413E-03 8.743E-03 7.862E-03 6.800E-03 5.644E-03 4.520E-03 3.522E-03 2.685E-03 2.005E-03 1.463E-03 1.048E-03 7.470E-04 5.376E-04 3.956E-04 2.993E-04 2.319E-04 1.821E-04 1.430E-04 1.118E-04 8.676E-05 6.681E-05 5.056E-05 3.708E-05 2.629E-05 1.850E-05 1.363E-05
 2.300E-03 2.300E-03 2.300E-03 2.300E-03 2.300E-03 2.300E-03 2.300E-03 2.300E-03 2.299E-03 2.299E-03 2.298E-03 2.297E-03 2.295E-03 2.292E-03 2.287E-03 2.280E-03 2.268E-03 2.250E-03 2.221E-03 2.178E-03 2.112E-03 2.017E-03 1.884E-03 1.711E-03 1.503E-03 1.279E-03 1.061E-03 8.632E-04 6.853E-04 5.251E-04 3.858E-04 2.742E-04 1.930E-04 1.373E-04 1.001E-04 7.536E-05 5.874E-05 4.700E-05 3.804E-05 3.085E-05 2.497E-05 2.010E-05 1.598E-05 1.244E-05 9.535E-06 7.394E-06 6.052E-06
 2.873E-04 2.873E-04 2.873E-04 2.873E-04 2.873E-04 2.873E-04 2.872E-04 2.872E-04 2.872E-04 2.872E-04 2.871E-04 2.870E-04 2.868E-04 2.865E-04 2.861E-04 2.854E-04 2.843E-04 2.827E-04 2.801E-04 2.761E-04 2.701E-04 2.613E-04 2.490E-04 2.328E-04 2.130E-04 1.907E-04 1.674E-04 1.433E-04 1.183E-04 9.253E-05 6.830E-05 4.834E-05 3.386E-05 2.410E-05 1.767E-05 1.347E-05 1.078E-05 9.033E-06 7.782E-06 6.800E-06 5.980E-06 5.271E-06 4.637E-06 4.066E-06 3.579E-06 3.208E-06 2.966E-06
 2.213E-05 2.213E-05 2.213E-05 2.213E-05 2.213E-05 2.213E-05 2.213E-05 2.213E-05 2.212E-05 2.212E-05 2.212E-05 2.212E-05 2.211E-05 2.210E-05 2.209E-05 2.207E-05 2.203E-05 2.198E-05 2.189E-05 2.176E-05 2.155E-05 2.124E-05 2.080E-05 2.017E-05 1.931E-05 1.819E-05 1.676E-05 1.497E-05 1.279E-05 1.036E-05 7.982E-06 5.994E-06 4.551E-06 3.584E-06 2.948E-06 2.533E-06 2.272E-06 2.113E-06 2.008E-06 1.929E-06 1.864E-06 1.805E-06 1.751E-06 1.700E-06 1.655E-06 1.619E-06 1.593E-06
 1.528E-06 1.528E-06 1.528E-06 1.528E-06 1.528E-06 1.528E-06 1.528E-06 1.528E-06 1.528E-06 1.528E-06 1.528E-06 1.527E-06 1.527E-06 1.527E-06 1.527E-06 1.527E-06 1.526E-06 1.525E-06 1.523E-06 1.521E-06 1.517E-06 1.511E-06 1.502E-06 1.488E-06 1.467E-06 1.436E-06 1.391E-06 1.330E-06 1.252E-06 1.164E-06 1.076E-06 1.002E-06 9.485E-07 9.120E-07 8.879E-07 8.720E-07 8.619E-07 8.558E-07 8.519E-07 8.491E-07 8.468E-07 8.446E-07 8.426E-07 8.405E-07 8.385E-07 8.365E-07 8.344E-07
 3.931E-07 3.931E-07 3.931E-07 3.931E-07 3.931E-07 3.931E-07 3.931E-07 3.931E-07 3.931E-07 3.931E-07 3.931E-07 3.931E-07 3.931E-07 3.931E-07 3.931E-07 3.931E-07 3.931E-07 3.931E-07 3.931E-07 3.931E-07 3.930E-07 3.930E-07 3.929E-07 3.928E-07 3.927E-07 3.925E-07 3.922E-07 3.918E-07 3.913E-07 3.907E-07 3.901E-07 3.896E-07 3.892E-07 3.889E-07 3.888E-07 3.887E-07 3.886E-07 3.885E-07 3.885E-07 3.884E-07 3.884E-07 3.883E-07 3.882E-07 3.881E-07 3.878E-07 3.875E-07 3.869E-07
