b(CO,H2,H) (km/s)    =   0.30  3.00  5.00
Tex(CO,H2) (K)       =   100.00 1000.00
[12C]/[13C]          =  35
[16O]/[18O]          = 557
[18O]/[17O]          =   3.6
n[N(12CO)]           =  47
n[N(H2)]             =  42
N(12CO)
 1.000E+00
 1.000E+10
 1.585E+10
 2.512E+10
 3.981E+10
 6.310E+10
 1.000E+11
 1.585E+11
 2.512E+11
 3.981E+11
 6.310E+11
 1.000E+12
 1.585E+12
 2.512E+12
 3.981E+12
 6.310E+12
 1.000E+13
 1.585E+13
 2.512E+13
 3.981E+13
 6.310E+13
 1.000E+14
 1.585E+14
 2.512E+14
 3.981E+14
 6.310E+14
 1.000E+15
 1.585E+15
 2.512E+15
 3.981E+15
 6.310E+15
 1.000E+16
 1.585E+16
 2.512E+16
 3.981E+16
 6.310E+16
 1.000E+17
 1.585E+17
 2.512E+17
 3.981E+17
 6.310E+17
 1.000E+18
 1.585E+18
 2.512E+18
 3.981E+18
 6.310E+18
 1.000E+19
N(H2)
 1.000E+00
 1.000E+15
 1.585E+15
 2.512E+15
 3.981E+15
 6.310E+15
 1.000E+16
 1.585E+16
 2.512E+16
 3.981E+16
 6.310E+16
 1.000E+17
 1.585E+17
 2.512E+17
 3.981E+17
 6.310E+17
 1.000E+18
 1.585E+18
 2.512E+18
 3.981E+18
 6.310E+18
 1.000E+19
 1.585E+19
 2.512E+19
 3.981E+19
 6.310E+19
 1.000E+20
 1.585E+20
 2.512E+20
 3.981E+20
 6.310E+20
 1.000E+21
 1.585E+21
 2.512E+21
 3.981E+21
 6.310E+21
 1.000E+22
 1.585E+22
 2.512E+22
 3.981E+22
 6.310E+22
 1.000E+23
12C16O
 1.000E+00 1.000E+00 9.999E-01 9.999E-01 9.998E-01 9.997E-01 9.996E-01 9.993E-01 9.989E-01 9.983E-01
 9.973E-01 9.958E-01 9.933E-01 9.895E-01 9.835E-01 9.743E-01 9.603E-01 9.395E-01 9.098E-01 8.694E-01
 8.184E-01 7.596E-01 6.977E-01 6.364E-01 5.762E-01 5.157E-01 4.532E-01 3.873E-01 3.184E-01 2.487E-01
 1.831E-01 1.277E-01 8.610E-02 5.759E-02 3.864E-02 2.597E-02 1.756E-02 1.203E-02 8.398E-03 5.941E-03
 4.228E-03 3.006E-03 2.120E-03 1.474E-03 1.007E-03 6.793E-04 4.570E-04
 9.077E-01 9.077E-01 9.076E-01 9.076E-01 9.075E-01 9.074E-01 9.073E-01 9.070E-01 9.066E-01 9.060E-01
 9.051E-01 9.035E-01 9.011E-01 8.973E-01 8.915E-01 8.824E-01 8.686E-01 8.482E-01 8.191E-01 7.796E-01
 7.300E-01 6.734E-01 6.146E-01 5.577E-01 5.036E-01 4.508E-01 3.974E-01 3.415E-01 2.823E-01 2.219E-01
 1.644E-01 1.155E-01 7.854E-02 5.304E-02 3.587E-02 2.423E-02 1.641E-02 1.125E-02 7.858E-03 5.568E-03
 3.974E-03 2.839E-03 2.013E-03 1.408E-03 9.680E-04 6.560E-04 4.427E-04
 9.036E-01 9.036E-01 9.036E-01 9.035E-01 9.035E-01 9.034E-01 9.032E-01 9.030E-01 9.026E-01 9.020E-01
 9.010E-01 8.995E-01 8.971E-01 8.933E-01 8.874E-01 8.784E-01 8.646E-01 8.442E-01 8.151E-01 7.757E-01
 7.261E-01 6.695E-01 6.108E-01 5.540E-01 5.001E-01 4.476E-01 3.945E-01 3.388E-01 2.801E-01 2.201E-01
 1.631E-01 1.146E-01 7.793E-02 5.265E-02 3.562E-02 2.406E-02 1.629E-02 1.117E-02 7.798E-03 5.526E-03
 3.946E-03 2.820E-03 2.000E-03 1.399E-03 9.619E-04 6.520E-04 4.401E-04
 8.989E-01 8.988E-01 8.988E-01 8.988E-01 8.987E-01 8.986E-01 8.984E-01 8.982E-01 8.978E-01 8.972E-01
 8.962E-01 8.947E-01 8.923E-01 8.885E-01 8.827E-01 8.736E-01 8.598E-01 8.395E-01 8.104E-01 7.710E-01
 7.215E-01 6.650E-01 6.064E-01 5.498E-01 4.961E-01 4.438E-01 3.911E-01 3.359E-01 2.776E-01 2.181E-01
 1.616E-01 1.135E-01 7.725E-02 5.221E-02 3.534E-02 2.387E-02 1.616E-02 1.107E-02 7.731E-03 5.480E-03
 3.915E-03 2.798E-03 1.985E-03 1.388E-03 9.549E-04 6.475E-04 4.372E-04
 8.934E-01 8.933E-01 8.933E-01 8.933E-01 8.932E-01 8.931E-01 8.930E-01 8.927E-01 8.923E-01 8.917E-01
 8.907E-01 8.892E-01 8.868E-01 8.830E-01 8.772E-01 8.681E-01 8.544E-01 8.340E-01 8.050E-01 7.656E-01
 7.162E-01 6.598E-01 6.014E-01 5.450E-01 4.915E-01 4.397E-01 3.873E-01 3.326E-01 2.749E-01 2.159E-01
 1.600E-01 1.124E-01 7.652E-02 5.174E-02 3.503E-02 2.366E-02 1.601E-02 1.097E-02 7.659E-03 5.431E-03
 3.881E-03 2.775E-03 1.969E-03 1.377E-03 9.474E-04 6.426E-04 4.341E-04
 8.872E-01 8.872E-01 8.872E-01 8.871E-01 8.871E-01 8.870E-01 8.868E-01 8.866E-01 8.862E-01 8.856E-01
 8.846E-01 8.831E-01 8.807E-01 8.769E-01 8.711E-01 8.620E-01 8.483E-01 8.280E-01 7.989E-01 7.597E-01
 7.104E-01 6.541E-01 5.958E-01 5.397E-01 4.866E-01 4.351E-01 3.833E-01 3.291E-01 2.719E-01 2.136E-01
 1.582E-01 1.112E-01 7.574E-02 5.124E-02 3.471E-02 2.344E-02 1.586E-02 1.086E-02 7.586E-03 5.381E-03
 3.847E-03 2.752E-03 1.953E-03 1.366E-03 9.396E-04 6.375E-04 4.308E-04
 8.806E-01 8.806E-01 8.805E-01 8.805E-01 8.804E-01 8.803E-01 8.802E-01 8.799E-01 8.796E-01 8.789E-01
 8.780E-01 8.765E-01 8.741E-01 8.703E-01 8.644E-01 8.554E-01 8.417E-01 8.214E-01 7.924E-01 7.533E-01
 7.041E-01 6.479E-01 5.899E-01 5.342E-01 4.814E-01 4.304E-01 3.791E-01 3.254E-01 2.689E-01 2.112E-01
 1.565E-01 1.100E-01 7.493E-02 5.072E-02 3.437E-02 2.321E-02 1.570E-02 1.076E-02 7.513E-03 5.331E-03
 3.813E-03 2.728E-03 1.936E-03 1.354E-03 9.317E-04 6.323E-04 4.275E-04
 8.737E-01 8.737E-01 8.736E-01 8.736E-01 8.735E-01 8.734E-01 8.733E-01 8.730E-01 8.727E-01 8.720E-01
 8.711E-01 8.696E-01 8.672E-01 8.634E-01 8.576E-01 8.486E-01 8.349E-01 8.146E-01 7.857E-01 7.466E-01
 6.975E-01 6.416E-01 5.839E-01 5.285E-01 4.762E-01 4.256E-01 3.748E-01 3.217E-01 2.658E-01 2.087E-01
 1.546E-01 1.087E-01 7.410E-02 5.019E-02 3.401E-02 2.298E-02 1.554E-02 1.065E-02 7.439E-03 5.282E-03
 3.780E-03 2.705E-03 1.920E-03 1.343E-03 9.238E-04 6.270E-04 4.241E-04
 8.668E-01 8.667E-01 8.667E-01 8.667E-01 8.666E-01 8.665E-01 8.663E-01 8.661E-01 8.657E-01 8.651E-01
 8.641E-01 8.626E-01 8.602E-01 8.565E-01 8.507E-01 8.417E-01 8.280E-01 8.078E-01 7.789E-01 7.399E-01
 6.910E-01 6.353E-01 5.778E-01 5.228E-01 4.709E-01 4.209E-01 3.706E-01 3.180E-01 2.627E-01 2.063E-01
 1.528E-01 1.074E-01 7.325E-02 4.963E-02 3.365E-02 2.273E-02 1.538E-02 1.054E-02 7.365E-03 5.232E-03
 3.746E-03 2.681E-03 1.903E-03 1.331E-03 9.158E-04 6.217E-04 4.207E-04
 8.599E-01 8.599E-01 8.599E-01 8.598E-01 8.598E-01 8.597E-01 8.595E-01 8.593E-01 8.589E-01 8.583E-01
 8.573E-01 8.558E-01 8.534E-01 8.497E-01 8.439E-01 8.349E-01 8.213E-01 8.011E-01 7.723E-01 7.334E-01
 6.846E-01 6.291E-01 5.719E-01 5.172E-01 4.658E-01 4.162E-01 3.664E-01 3.144E-01 2.596E-01 2.038E-01
 1.510E-01 1.061E-01 7.239E-02 4.907E-02 3.327E-02 2.248E-02 1.521E-02 1.042E-02 7.290E-03 5.182E-03
 3.711E-03 2.657E-03 1.886E-03 1.319E-03 9.077E-04 6.163E-04 4.172E-04
 8.533E-01 8.532E-01 8.532E-01 8.532E-01 8.531E-01 8.530E-01 8.529E-01 8.526E-01 8.522E-01 8.516E-01
 8.507E-01 8.491E-01 8.468E-01 8.430E-01 8.372E-01 8.283E-01 8.147E-01 7.945E-01 7.658E-01 7.269E-01
 6.783E-01 6.229E-01 5.660E-01 5.117E-01 4.607E-01 4.116E-01 3.622E-01 3.108E-01 2.566E-01 2.013E-01
 1.491E-01 1.048E-01 7.149E-02 4.847E-02 3.288E-02 2.222E-02 1.504E-02 1.031E-02 7.212E-03 5.129E-03
 3.676E-03 2.632E-03 1.868E-03 1.307E-03 8.993E-04 6.108E-04 4.136E-04
 8.466E-01 8.465E-01 8.465E-01 8.464E-01 8.464E-01 8.463E-01 8.461E-01 8.459E-01 8.455E-01 8.449E-01
 8.439E-01 8.424E-01 8.401E-01 8.363E-01 8.305E-01 8.216E-01 8.080E-01 7.879E-01 7.592E-01 7.204E-01
 6.719E-01 6.167E-01 5.600E-01 5.060E-01 4.554E-01 4.067E-01 3.579E-01 3.069E-01 2.533E-01 1.987E-01
 1.471E-01 1.034E-01 7.054E-02 4.785E-02 3.247E-02 2.195E-02 1.486E-02 1.019E-02 7.130E-03 5.073E-03
 3.637E-03 2.606E-03 1.850E-03 1.294E-03 8.903E-04 6.049E-04 4.097E-04
 8.394E-01 8.394E-01 8.393E-01 8.393E-01 8.392E-01 8.391E-01 8.390E-01 8.388E-01 8.384E-01 8.378E-01
 8.368E-01 8.353E-01 8.329E-01 8.292E-01 8.234E-01 8.145E-01 8.009E-01 7.808E-01 7.522E-01 7.135E-01
 6.650E-01 6.100E-01 5.536E-01 4.998E-01 4.496E-01 4.014E-01 3.531E-01 3.027E-01 2.497E-01 1.958E-01
 1.449E-01 1.019E-01 6.953E-02 4.718E-02 3.203E-02 2.166E-02 1.466E-02 1.005E-02 7.040E-03 5.012E-03
 3.595E-03 2.576E-03 1.829E-03 1.279E-03 8.805E-04 5.984E-04 4.056E-04
 8.314E-01 8.313E-01 8.313E-01 8.313E-01 8.312E-01 8.311E-01 8.309E-01 8.307E-01 8.303E-01 8.297E-01
 8.288E-01 8.273E-01 8.249E-01 8.212E-01 8.154E-01 8.064E-01 7.929E-01 7.729E-01 7.443E-01 7.056E-01
 6.573E-01 6.025E-01 5.463E-01 4.928E-01 4.430E-01 3.954E-01 3.477E-01 2.980E-01 2.457E-01 1.926E-01
 1.425E-01 1.002E-01 6.841E-02 4.644E-02 3.154E-02 2.133E-02 1.444E-02 9.907E-03 6.940E-03 4.943E-03
 3.547E-03 2.542E-03 1.805E-03 1.263E-03 8.693E-04 5.911E-04 4.009E-04
 8.219E-01 8.219E-01 8.219E-01 8.218E-01 8.218E-01 8.217E-01 8.215E-01 8.213E-01 8.209E-01 8.203E-01
 8.193E-01 8.178E-01 8.154E-01 8.117E-01 8.060E-01 7.970E-01 7.835E-01 7.635E-01 7.350E-01 6.964E-01
 6.483E-01 5.936E-01 5.377E-01 4.846E-01 4.353E-01 3.883E-01 3.413E-01 2.924E-01 2.411E-01 1.889E-01
 1.398E-01 9.830E-02 6.714E-02 4.560E-02 3.098E-02 2.095E-02 1.419E-02 9.736E-03 6.823E-03 4.862E-03
 3.491E-03 2.503E-03 1.777E-03 1.243E-03 8.564E-04 5.827E-04 3.955E-04
 8.106E-01 8.106E-01 8.106E-01 8.105E-01 8.105E-01 8.104E-01 8.102E-01 8.100E-01 8.096E-01 8.090E-01
 8.080E-01 8.065E-01 8.042E-01 8.005E-01 7.947E-01 7.858E-01 7.723E-01 7.523E-01 7.239E-01 6.855E-01
 6.374E-01 5.830E-01 5.274E-01 4.749E-01 4.262E-01 3.799E-01 3.338E-01 2.859E-01 2.356E-01 1.846E-01
 1.366E-01 9.607E-02 6.566E-02 4.463E-02 3.032E-02 2.051E-02 1.389E-02 9.535E-03 6.686E-03 4.768E-03
 3.425E-03 2.457E-03 1.745E-03 1.221E-03 8.412E-04 5.728E-04 3.891E-04
 7.971E-01 7.971E-01 7.971E-01 7.970E-01 7.970E-01 7.969E-01 7.967E-01 7.965E-01 7.961E-01 7.955E-01
 7.946E-01 7.931E-01 7.907E-01 7.870E-01 7.813E-01 7.724E-01 7.589E-01 7.390E-01 7.106E-01 6.724E-01
 6.245E-01 5.704E-01 5.153E-01 4.633E-01 4.153E-01 3.699E-01 3.248E-01 2.781E-01 2.291E-01 1.795E-01
 1.328E-01 9.345E-02 6.392E-02 4.348E-02 2.955E-02 1.999E-02 1.354E-02 9.299E-03 6.525E-03 4.657E-03
 3.348E-03 2.402E-03 1.706E-03 1.194E-03 8.233E-04 5.610E-04 3.815E-04
 7.812E-01 7.811E-01 7.811E-01 7.811E-01 7.810E-01 7.809E-01 7.808E-01 7.805E-01 7.802E-01 7.796E-01
 7.786E-01 7.771E-01 7.748E-01 7.711E-01 7.653E-01 7.565E-01 7.431E-01 7.233E-01 6.950E-01 6.569E-01
 6.093E-01 5.555E-01 5.008E-01 4.495E-01 4.024E-01 3.581E-01 3.142E-01 2.689E-01 2.215E-01 1.734E-01
 1.284E-01 9.038E-02 6.189E-02 4.214E-02 2.865E-02 1.938E-02 1.313E-02 9.021E-03 6.335E-03 4.525E-03
 3.256E-03 2.337E-03 1.661E-03 1.163E-03 8.021E-04 5.472E-04 3.726E-04
 7.624E-01 7.624E-01 7.623E-01 7.623E-01 7.622E-01 7.621E-01 7.620E-01 7.618E-01 7.614E-01 7.608E-01
 7.598E-01 7.584E-01 7.560E-01 7.523E-01 7.466E-01 7.378E-01 7.245E-01 7.047E-01 6.766E-01 6.386E-01
 5.913E-01 5.380E-01 4.839E-01 4.334E-01 3.873E-01 3.441E-01 3.017E-01 2.580E-01 2.124E-01 1.663E-01
 1.231E-01 8.680E-02 5.952E-02 4.058E-02 2.760E-02 1.867E-02 1.265E-02 8.695E-03 6.112E-03 4.370E-03
 3.147E-03 2.261E-03 1.607E-03 1.125E-03 7.771E-04 5.308E-04 3.620E-04
 7.404E-01 7.404E-01 7.403E-01 7.403E-01 7.402E-01 7.401E-01 7.400E-01 7.398E-01 7.394E-01 7.388E-01
 7.378E-01 7.364E-01 7.340E-01 7.304E-01 7.247E-01 7.159E-01 7.026E-01 6.830E-01 6.550E-01 6.173E-01
 5.703E-01 5.175E-01 4.641E-01 4.145E-01 3.695E-01 3.278E-01 2.871E-01 2.453E-01 2.018E-01 1.580E-01
 1.171E-01 8.264E-02 5.678E-02 3.876E-02 2.638E-02 1.785E-02 1.209E-02 8.316E-03 5.850E-03 4.187E-03
 3.018E-03 2.170E-03 1.543E-03 1.081E-03 7.475E-04 5.114E-04 3.494E-04
 7.147E-01 7.147E-01 7.146E-01 7.146E-01 7.145E-01 7.145E-01 7.143E-01 7.141E-01 7.137E-01 7.131E-01
 7.122E-01 7.107E-01 7.084E-01 7.047E-01 6.991E-01 6.904E-01 6.772E-01 6.576E-01 6.298E-01 5.924E-01
 5.459E-01 4.936E-01 4.410E-01 3.925E-01 3.489E-01 3.088E-01 2.700E-01 2.305E-01 1.896E-01 1.485E-01
 1.101E-01 7.784E-02 5.360E-02 3.665E-02 2.496E-02 1.688E-02 1.144E-02 7.872E-03 5.543E-03 3.972E-03
 2.867E-03 2.063E-03 1.467E-03 1.029E-03 7.125E-04 4.885E-04 3.344E-04
 6.850E-01 6.850E-01 6.849E-01 6.849E-01 6.848E-01 6.847E-01 6.846E-01 6.844E-01 6.840E-01 6.834E-01
 6.825E-01 6.810E-01 6.787E-01 6.751E-01 6.695E-01 6.608E-01 6.477E-01 6.284E-01 6.008E-01 5.638E-01
 5.177E-01 4.662E-01 4.146E-01 3.673E-01 3.253E-01 2.871E-01 2.505E-01 2.136E-01 1.755E-01 1.375E-01
 1.021E-01 7.233E-02 4.992E-02 3.419E-02 2.329E-02 1.576E-02 1.068E-02 7.354E-03 5.184E-03 3.721E-03
 2.689E-03 1.937E-03 1.379E-03 9.680E-04 6.714E-04 4.615E-04 3.169E-04
 6.511E-01 6.510E-01 6.510E-01 6.510E-01 6.509E-01 6.508E-01 6.507E-01 6.505E-01 6.501E-01 6.495E-01
 6.486E-01 6.471E-01 6.449E-01 6.413E-01 6.357E-01 6.272E-01 6.142E-01 5.950E-01 5.677E-01 5.311E-01
 4.857E-01 4.351E-01 3.846E-01 3.388E-01 2.987E-01 2.626E-01 2.286E-01 1.945E-01 1.597E-01 1.251E-01
 9.298E-02 6.603E-02 4.568E-02 3.133E-02 2.136E-02 1.445E-02 9.799E-03 6.755E-03 4.770E-03 3.430E-03
 2.483E-03 1.790E-03 1.275E-03 8.965E-04 6.234E-04 4.300E-04 2.962E-04
 6.131E-01 6.130E-01 6.130E-01 6.130E-01 6.129E-01 6.128E-01 6.127E-01 6.124E-01 6.121E-01 6.115E-01
 6.106E-01 6.092E-01 6.069E-01 6.034E-01 5.979E-01 5.894E-01 5.766E-01 5.577E-01 5.308E-01 4.948E-01
 4.501E-01 4.005E-01 3.514E-01 3.073E-01 2.692E-01 2.356E-01 2.043E-01 1.735E-01 1.422E-01 1.114E-01
 8.279E-02 5.888E-02 4.082E-02 2.804E-02 1.913E-02 1.295E-02 8.793E-03 6.073E-03 4.297E-03 3.097E-03
 2.247E-03 1.622E-03 1.157E-03 8.145E-04 5.682E-04 3.936E-04 2.723E-04
 5.712E-01 5.712E-01 5.712E-01 5.711E-01 5.711E-01 5.710E-01 5.708E-01 5.706E-01 5.702E-01 5.697E-01
 5.688E-01 5.674E-01 5.652E-01 5.617E-01 5.563E-01 5.480E-01 5.354E-01 5.168E-01 4.904E-01 4.550E-01
 4.114E-01 3.630E-01 3.155E-01 2.733E-01 2.375E-01 2.065E-01 1.782E-01 1.507E-01 1.233E-01 9.635E-02
 7.158E-02 5.093E-02 3.536E-02 2.433E-02 1.662E-02 1.127E-02 7.667E-03 5.311E-03 3.771E-03 2.727E-03
 1.983E-03 1.434E-03 1.024E-03 7.227E-04 5.062E-04 3.526E-04 2.452E-04
 5.257E-01 5.256E-01 5.256E-01 5.256E-01 5.255E-01 5.254E-01 5.253E-01 5.251E-01 5.247E-01 5.242E-01
 5.233E-01 5.219E-01 5.198E-01 5.164E-01 5.111E-01 5.029E-01 4.906E-01 4.725E-01 4.467E-01 4.122E-01
 3.698E-01 3.230E-01 2.774E-01 2.374E-01 2.041E-01 1.759E-01 1.508E-01 1.269E-01 1.033E-01 8.044E-02
 5.958E-02 4.234E-02 2.940E-02 2.026E-02 1.387E-02 9.436E-03 6.446E-03 4.488E-03 3.203E-03 2.326E-03
 1.697E-03 1.230E-03 8.799E-04 6.229E-04 4.385E-04 3.074E-04 2.151E-04
 4.763E-01 4.762E-01 4.762E-01 4.762E-01 4.761E-01 4.760E-01 4.759E-01 4.757E-01 4.753E-01 4.748E-01
 4.740E-01 4.726E-01 4.705E-01 4.672E-01 4.621E-01 4.542E-01 4.423E-01 4.247E-01 3.998E-01 3.666E-01
 3.257E-01 2.809E-01 2.376E-01 2.002E-01 1.697E-01 1.446E-01 1.228E-01 1.025E-01 8.292E-02 6.415E-02
 4.725E-02 3.344E-02 2.320E-02 1.602E-02 1.101E-02 7.532E-03 5.183E-03 3.638E-03 2.615E-03 1.910E-03
 1.399E-03 1.017E-03 7.290E-04 5.181E-04 3.671E-04 2.593E-04 1.827E-04
 4.227E-01 4.227E-01 4.227E-01 4.226E-01 4.226E-01 4.225E-01 4.224E-01 4.222E-01 4.218E-01 4.213E-01
 4.205E-01 4.192E-01 4.172E-01 4.141E-01 4.092E-01 4.017E-01 3.903E-01 3.736E-01 3.499E-01 3.182E-01
 2.795E-01 2.373E-01 1.969E-01 1.626E-01 1.353E-01 1.135E-01 9.523E-02 7.865E-02 6.298E-02 4.827E-02
 3.523E-02 2.476E-02 1.713E-02 1.186E-02 8.213E-03 5.676E-03 3.953E-03 2.808E-03 2.037E-03 1.497E-03
 1.101E-03 8.020E-04 5.772E-04 4.127E-04 2.947E-04 2.100E-04 1.491E-04
 3.653E-01 3.653E-01 3.652E-01 3.652E-01 3.652E-01 3.651E-01 3.650E-01 3.648E-01 3.645E-01 3.640E-01
 3.632E-01 3.620E-01 3.602E-01 3.572E-01 3.527E-01 3.457E-01 3.351E-01 3.194E-01 2.974E-01 2.680E-01
 2.322E-01 1.934E-01 1.566E-01 1.260E-01 1.024E-01 8.414E-02 6.939E-02 5.650E-02 4.465E-02 3.378E-02
 2.435E-02 1.695E-02 1.170E-02 8.144E-03 5.709E-03 4.011E-03 2.843E-03 2.050E-03 1.503E-03 1.110E-03
 8.181E-04 5.978E-04 4.323E-04 3.115E-04 2.248E-04 1.619E-04 1.161E-04
 3.048E-01 3.048E-01 3.048E-01 3.047E-01 3.047E-01 3.046E-01 3.045E-01 3.043E-01 3.041E-01 3.036E-01
 3.030E-01 3.019E-01 3.002E-01 2.975E-01 2.934E-01 2.871E-01 2.776E-01 2.635E-01 2.436E-01 2.173E-01
 1.853E-01 1.508E-01 1.186E-01 9.233E-02 7.264E-02 5.809E-02 4.684E-02 3.743E-02 2.910E-02 2.168E-02
 1.541E-02 1.063E-02 7.336E-03 5.166E-03 3.692E-03 2.654E-03 1.924E-03 1.411E-03 1.043E-03 7.713E-04
 5.682E-04 4.158E-04 3.024E-04 2.201E-04 1.609E-04 1.175E-04 8.530E-05
 2.425E-01 2.425E-01 2.424E-01 2.424E-01 2.424E-01 2.423E-01 2.422E-01 2.421E-01 2.419E-01 2.415E-01
 2.409E-01 2.400E-01 2.385E-01 2.363E-01 2.327E-01 2.273E-01 2.191E-01 2.071E-01 1.902E-01 1.677E-01
 1.406E-01 1.115E-01 8.475E-02 6.335E-02 4.783E-02 3.687E-02 2.885E-02 2.251E-02 1.716E-02 1.258E-02
 8.847E-03 6.081E-03 4.231E-03 3.040E-03 2.231E-03 1.649E-03 1.224E-03 9.106E-04 6.756E-04 4.978E-04
 3.648E-04 2.664E-04 1.945E-04 1.431E-04 1.062E-04 7.881E-05 5.816E-05
 1.797E-01 1.797E-01 1.797E-01 1.797E-01 1.796E-01 1.796E-01 1.795E-01 1.794E-01 1.792E-01 1.789E-01
 1.785E-01 1.777E-01 1.766E-01 1.748E-01 1.720E-01 1.678E-01 1.613E-01 1.518E-01 1.385E-01 1.208E-01
 9.958E-02 7.700E-02 5.641E-02 4.028E-02 2.892E-02 2.125E-02 1.598E-02 1.210E-02 9.019E-03 6.522E-03
 4.564E-03 3.160E-03 2.244E-03 1.660E-03 1.257E-03 9.563E-04 7.248E-04 5.448E-04 4.039E-04 2.951E-04
 2.137E-04 1.547E-04 1.129E-04 8.369E-05 6.308E-05 4.778E-05 3.601E-05
 1.187E-01 1.187E-01 1.187E-01 1.187E-01 1.187E-01 1.187E-01 1.186E-01 1.185E-01 1.184E-01 1.182E-01
 1.179E-01 1.174E-01 1.166E-01 1.153E-01 1.134E-01 1.104E-01 1.060E-01 9.938E-02 9.014E-02 7.796E-02
 6.333E-02 4.788E-02 3.392E-02 2.315E-02 1.575E-02 1.095E-02 7.836E-03 5.709E-03 4.152E-03 2.970E-03
 2.087E-03 1.473E-03 1.077E-03 8.222E-04 6.410E-04 4.995E-04 3.849E-04 2.914E-04 2.156E-04 1.560E-04
 1.112E-04 7.925E-05 5.726E-05 4.259E-05 3.263E-05 2.536E-05 1.971E-05
 6.478E-02 6.477E-02 6.476E-02 6.476E-02 6.474E-02 6.473E-02 6.470E-02 6.465E-02 6.458E-02 6.446E-02
 6.428E-02 6.400E-02 6.355E-02 6.284E-02 6.175E-02 6.007E-02 5.754E-02 5.383E-02 4.862E-02 4.177E-02
 3.356E-02 2.494E-02 1.722E-02 1.134E-02 7.362E-03 4.852E-03 3.298E-03 2.304E-03 1.632E-03 1.158E-03
 8.213E-04 5.932E-04 4.463E-04 3.491E-04 2.773E-04 2.193E-04 1.708E-04 1.300E-04 9.627E-05 6.924E-05
 4.874E-05 3.413E-05 2.435E-05 1.816E-05 1.424E-05 1.152E-05 9.420E-06
 2.581E-02 2.580E-02 2.580E-02 2.580E-02 2.579E-02 2.579E-02 2.577E-02 2.576E-02 2.573E-02 2.568E-02
 2.560E-02 2.549E-02 2.530E-02 2.501E-02 2.457E-02 2.388E-02 2.285E-02 2.133E-02 1.920E-02 1.641E-02
 1.309E-02 9.614E-03 6.526E-03 4.196E-03 2.639E-03 1.671E-03 1.089E-03 7.338E-04 5.076E-04 3.574E-04
 2.554E-04 1.877E-04 1.437E-04 1.137E-04 9.098E-05 7.244E-05 5.682E-05 4.360E-05 3.254E-05 2.355E-05
 1.664E-05 1.169E-05 8.427E-06 6.470E-06 5.348E-06 4.636E-06 4.099E-06
 6.204E-03 6.204E-03 6.203E-03 6.202E-03 6.201E-03 6.199E-03 6.197E-03 6.192E-03 6.185E-03 6.173E-03
 6.155E-03 6.126E-03 6.081E-03 6.010E-03 5.900E-03 5.731E-03 5.477E-03 5.105E-03 4.584E-03 3.903E-03
 3.093E-03 2.254E-03 1.513E-03 9.596E-04 5.926E-04 3.666E-04 2.329E-04 1.534E-04 1.045E-04 7.308E-05
 5.235E-05 3.878E-05 2.995E-05 2.386E-05 1.924E-05 1.551E-05 1.239E-05 9.759E-06 7.546E-06 5.731E-06
 4.315E-06 3.288E-06 2.616E-06 2.231E-06 2.034E-06 1.924E-06 1.844E-06
 6.707E-04 6.706E-04 6.706E-04 6.705E-04 6.703E-04 6.701E-04 6.698E-04 6.693E-04 6.685E-04 6.672E-04
 6.652E-04 6.620E-04 6.570E-04 6.492E-04 6.370E-04 6.184E-04 5.904E-04 5.494E-04 4.921E-04 4.174E-04
 3.292E-04 2.382E-04 1.588E-04 9.994E-05 6.126E-05 3.762E-05 2.380E-05 1.570E-05 1.080E-05 7.707E-06
 5.687E-06 4.378E-06 3.535E-06 2.958E-06 2.527E-06 2.186E-06 1.905E-06 1.668E-06 1.468E-06 1.303E-06
 1.171E-06 1.074E-06 1.011E-06 9.753E-07 9.586E-07 9.501E-07 9.435E-07
 2.089E-05 2.089E-05 2.089E-05 2.089E-05 2.088E-05 2.088E-05 2.087E-05 2.085E-05 2.082E-05 2.078E-05
 2.072E-05 2.062E-05 2.047E-05 2.022E-05 1.984E-05 1.926E-05 1.839E-05 1.711E-05 1.534E-05 1.302E-05
 1.031E-05 7.532E-06 5.136E-06 3.383E-06 2.241E-06 1.550E-06 1.150E-06 9.191E-07 7.806E-07 6.940E-07
 6.382E-07 6.023E-07 5.794E-07 5.641E-07 5.528E-07 5.441E-07 5.369E-07 5.309E-07 5.258E-07 5.215E-07
 5.180E-07 5.153E-07 5.134E-07 5.122E-07 5.113E-07 5.105E-07 5.094E-07
 3.524E-07 3.524E-07 3.524E-07 3.524E-07 3.524E-07 3.523E-07 3.523E-07 3.522E-07 3.521E-07 3.519E-07
 3.517E-07 3.513E-07 3.506E-07 3.496E-07 3.479E-07 3.455E-07 3.418E-07 3.364E-07 3.289E-07 3.192E-07
 3.079E-07 2.964E-07 2.866E-07 2.796E-07 2.751E-07 2.724E-07 2.708E-07 2.699E-07 2.694E-07 2.691E-07
 2.689E-07 2.687E-07 2.687E-07 2.686E-07 2.686E-07 2.685E-07 2.685E-07 2.685E-07 2.684E-07 2.684E-07
 2.683E-07 2.683E-07 2.682E-07 2.680E-07 2.678E-07 2.675E-07 2.669E-07
 1.320E-07 1.320E-07 1.320E-07 1.320E-07 1.320E-07 1.320E-07 1.320E-07 1.320E-07 1.320E-07 1.320E-07
 1.320E-07 1.320E-07 1.320E-07 1.320E-07 1.320E-07 1.320E-07 1.320E-07 1.320E-07 1.320E-07 1.320E-07
 1.320E-07 1.320E-07 1.320E-07 1.320E-07 1.320E-07 1.320E-07 1.320E-07 1.320E-07 1.320E-07 1.320E-07
 1.320E-07 1.320E-07 1.320E-07 1.320E-07 1.320E-07 1.320E-07 1.320E-07 1.320E-07 1.320E-07 1.319E-07
 1.319E-07 1.319E-07 1.319E-07 1.318E-07 1.317E-07 1.315E-07 1.313E-07
 5.611E-08 5.611E-08 5.611E-08 5.611E-08 5.611E-08 5.611E-08 5.611E-08 5.611E-08 5.611E-08 5.611E-08
 5.611E-08 5.611E-08 5.611E-08 5.611E-08 5.611E-08 5.611E-08 5.611E-08 5.611E-08 5.611E-08 5.611E-08
 5.611E-08 5.611E-08 5.611E-08 5.611E-08 5.611E-08 5.611E-08 5.611E-08 5.611E-08 5.611E-08 5.611E-08
 5.611E-08 5.611E-08 5.611E-08 5.611E-08 5.611E-08 5.611E-08 5.611E-08 5.611E-08 5.610E-08 5.610E-08
 5.609E-08 5.608E-08 5.606E-08 5.603E-08 5.599E-08 5.592E-08 5.581E-08
 1.732E-08 1.732E-08 1.732E-08 1.732E-08 1.732E-08 1.732E-08 1.732E-08 1.732E-08 1.732E-08 1.732E-08
 1.732E-08 1.732E-08 1.732E-08 1.732E-08 1.732E-08 1.732E-08 1.732E-08 1.732E-08 1.732E-08 1.732E-08
 1.732E-08 1.732E-08 1.732E-08 1.732E-08 1.732E-08 1.732E-08 1.732E-08 1.732E-08 1.732E-08 1.732E-08
 1.732E-08 1.732E-08 1.732E-08 1.732E-08 1.732E-08 1.732E-08 1.732E-08 1.732E-08 1.732E-08 1.732E-08
 1.731E-08 1.731E-08 1.731E-08 1.730E-08 1.728E-08 1.726E-08 1.723E-08
