b(CO,H2,H) (km/s)    =   0.30  3.00  5.00
Tex(CO,H2) (K)       =   100.00 1000.00
[12C]/[13C]          =  69
[16O]/[18O]          = 557
[18O]/[17O]          =   3.6
n[N(12CO)]           =  47
n[N(H2)]             =  42

CO shielding rates     (for parameters/values rows & columns: check legend file)
 1.000E+00 1.000E+00 9.999E-01 9.999E-01 9.998E-01 9.997E-01 9.996E-01 9.993E-01 9.989E-01 9.983E-01 9.973E-01 9.958E-01 9.934E-01 9.895E-01 9.836E-01 9.744E-01 9.605E-01 9.398E-01 9.102E-01 8.699E-01 8.190E-01 7.602E-01 6.982E-01 6.369E-01 5.768E-01 5.164E-01 4.540E-01 3.883E-01 3.196E-01 2.501E-01 1.846E-01 1.292E-01 8.739E-02 5.869E-02 3.954E-02 2.669E-02 1.810E-02 1.243E-02 8.674E-03 6.134E-03 4.361E-03 3.098E-03 2.182E-03 1.515E-03 1.034E-03 6.945E-04 4.651E-04
 9.077E-01 9.077E-01 9.076E-01 9.076E-01 9.075E-01 9.074E-01 9.073E-01 9.070E-01 9.067E-01 9.060E-01 9.051E-01 9.036E-01 9.012E-01 8.974E-01 8.916E-01 8.825E-01 8.688E-01 8.485E-01 8.195E-01 7.801E-01 7.306E-01 6.739E-01 6.151E-01 5.582E-01 5.041E-01 4.514E-01 3.982E-01 3.424E-01 2.834E-01 2.231E-01 1.658E-01 1.168E-01 7.973E-02 5.405E-02 3.671E-02 2.490E-02 1.692E-02 1.162E-02 8.117E-03 5.748E-03 4.099E-03 2.925E-03 2.072E-03 1.447E-03 9.928E-04 6.704E-04 4.505E-04
 9.036E-01 9.036E-01 9.036E-01 9.035E-01 9.035E-01 9.034E-01 9.032E-01 9.030E-01 9.026E-01 9.020E-01 9.010E-01 8.995E-01 8.971E-01 8.934E-01 8.875E-01 8.785E-01 8.648E-01 8.445E-01 8.155E-01 7.761E-01 7.267E-01 6.700E-01 6.113E-01 5.545E-01 5.006E-01 4.482E-01 3.952E-01 3.398E-01 2.812E-01 2.214E-01 1.644E-01 1.159E-01 7.910E-02 5.365E-02 3.645E-02 2.473E-02 1.680E-02 1.153E-02 8.055E-03 5.705E-03 4.070E-03 2.905E-03 2.058E-03 1.438E-03 9.865E-04 6.663E-04 4.479E-04
 8.989E-01 8.988E-01 8.988E-01 8.988E-01 8.987E-01 8.986E-01 8.985E-01 8.982E-01 8.978E-01 8.972E-01 8.962E-01 8.947E-01 8.923E-01 8.886E-01 8.827E-01 8.737E-01 8.600E-01 8.398E-01 8.108E-01 7.715E-01 7.220E-01 6.655E-01 6.069E-01 5.503E-01 4.966E-01 4.444E-01 3.918E-01 3.368E-01 2.787E-01 2.193E-01 1.629E-01 1.148E-01 7.841E-02 5.320E-02 3.616E-02 2.453E-02 1.666E-02 1.144E-02 7.986E-03 5.658E-03 4.037E-03 2.883E-03 2.043E-03 1.427E-03 9.793E-04 6.616E-04 4.449E-04
 8.934E-01 8.933E-01 8.933E-01 8.933E-01 8.932E-01 8.931E-01 8.930E-01 8.927E-01 8.923E-01 8.917E-01 8.908E-01 8.892E-01 8.868E-01 8.831E-01 8.773E-01 8.683E-01 8.546E-01 8.343E-01 8.054E-01 7.661E-01 7.168E-01 6.603E-01 6.019E-01 5.455E-01 4.921E-01 4.402E-01 3.881E-01 3.335E-01 2.760E-01 2.172E-01 1.613E-01 1.137E-01 7.766E-02 5.272E-02 3.585E-02 2.432E-02 1.651E-02 1.133E-02 7.912E-03 5.607E-03 4.003E-03 2.859E-03 2.026E-03 1.416E-03 9.716E-04 6.566E-04 4.417E-04
 8.872E-01 8.872E-01 8.872E-01 8.871E-01 8.871E-01 8.870E-01 8.868E-01 8.866E-01 8.862E-01 8.856E-01 8.846E-01 8.831E-01 8.807E-01 8.770E-01 8.711E-01 8.621E-01 8.485E-01 8.283E-01 7.993E-01 7.601E-01 7.109E-01 6.546E-01 5.963E-01 5.402E-01 4.871E-01 4.357E-01 3.840E-01 3.300E-01 2.730E-01 2.148E-01 1.595E-01 1.125E-01 7.686E-02 5.221E-02 3.552E-02 2.409E-02 1.635E-02 1.122E-02 7.836E-03 5.555E-03 3.968E-03 2.835E-03 2.009E-03 1.404E-03 9.636E-04 6.514E-04 4.384E-04
 8.806E-01 8.806E-01 8.805E-01 8.805E-01 8.804E-01 8.803E-01 8.802E-01 8.799E-01 8.796E-01 8.790E-01 8.780E-01 8.765E-01 8.741E-01 8.704E-01 8.645E-01 8.555E-01 8.419E-01 8.217E-01 7.928E-01 7.537E-01 7.046E-01 6.485E-01 5.904E-01 5.346E-01 4.819E-01 4.310E-01 3.798E-01 3.263E-01 2.699E-01 2.124E-01 1.577E-01 1.112E-01 7.604E-02 5.168E-02 3.517E-02 2.386E-02 1.619E-02 1.111E-02 7.760E-03 5.504E-03 3.933E-03 2.810E-03 1.992E-03 1.392E-03 9.554E-04 6.461E-04 4.350E-04
 8.737E-01 8.737E-01 8.736E-01 8.736E-01 8.735E-01 8.734E-01 8.733E-01 8.730E-01 8.727E-01 8.721E-01 8.711E-01 8.696E-01 8.672E-01 8.635E-01 8.577E-01 8.487E-01 8.351E-01 8.149E-01 7.861E-01 7.471E-01 6.981E-01 6.421E-01 5.844E-01 5.289E-01 4.767E-01 4.262E-01 3.755E-01 3.226E-01 2.668E-01 2.099E-01 1.559E-01 1.099E-01 7.520E-02 5.113E-02 3.481E-02 2.361E-02 1.602E-02 1.100E-02 7.684E-03 5.453E-03 3.898E-03 2.786E-03 1.975E-03 1.380E-03 9.473E-04 6.407E-04 4.315E-04
 8.668E-01 8.667E-01 8.667E-01 8.667E-01 8.666E-01 8.665E-01 8.663E-01 8.661E-01 8.657E-01 8.651E-01 8.642E-01 8.626E-01 8.603E-01 8.565E-01 8.507E-01 8.418E-01 8.282E-01 8.081E-01 7.793E-01 7.404E-01 6.915E-01 6.358E-01 5.783E-01 5.232E-01 4.714E-01 4.214E-01 3.713E-01 3.189E-01 2.637E-01 2.074E-01 1.540E-01 1.086E-01 7.434E-02 5.057E-02 3.444E-02 2.336E-02 1.586E-02 1.088E-02 7.607E-03 5.401E-03 3.863E-03 2.762E-03 1.958E-03 1.368E-03 9.391E-04 6.353E-04 4.280E-04
 8.599E-01 8.599E-01 8.599E-01 8.598E-01 8.598E-01 8.597E-01 8.595E-01 8.593E-01 8.589E-01 8.583E-01 8.573E-01 8.558E-01 8.535E-01 8.497E-01 8.439E-01 8.350E-01 8.215E-01 8.014E-01 7.727E-01 7.339E-01 6.851E-01 6.296E-01 5.724E-01 5.177E-01 4.663E-01 4.168E-01 3.671E-01 3.153E-01 2.607E-01 2.050E-01 1.522E-01 1.073E-01 7.346E-02 4.999E-02 3.405E-02 2.311E-02 1.568E-02 1.077E-02 7.529E-03 5.349E-03 3.828E-03 2.738E-03 1.941E-03 1.356E-03 9.307E-04 6.298E-04 4.245E-04
 8.533E-01 8.532E-01 8.532E-01 8.532E-01 8.531E-01 8.530E-01 8.529E-01 8.526E-01 8.522E-01 8.516E-01 8.507E-01 8.492E-01 8.468E-01 8.431E-01 8.373E-01 8.284E-01 8.149E-01 7.948E-01 7.662E-01 7.274E-01 6.788E-01 6.235E-01 5.665E-01 5.121E-01 4.612E-01 4.121E-01 3.629E-01 3.116E-01 2.576E-01 2.025E-01 1.503E-01 1.060E-01 7.255E-02 4.939E-02 3.365E-02 2.284E-02 1.551E-02 1.065E-02 7.449E-03 5.295E-03 3.791E-03 2.712E-03 1.923E-03 1.343E-03 9.221E-04 6.241E-04 4.208E-04
 8.466E-01 8.465E-01 8.465E-01 8.464E-01 8.464E-01 8.463E-01 8.461E-01 8.459E-01 8.455E-01 8.449E-01 8.440E-01 8.425E-01 8.401E-01 8.364E-01 8.306E-01 8.217E-01 8.082E-01 7.882E-01 7.596E-01 7.209E-01 6.724E-01 6.172E-01 5.605E-01 5.064E-01 4.558E-01 4.072E-01 3.585E-01 3.078E-01 2.543E-01 1.998E-01 1.483E-01 1.046E-01 7.159E-02 4.876E-02 3.323E-02 2.256E-02 1.532E-02 1.052E-02 7.364E-03 5.237E-03 3.751E-03 2.684E-03 1.903E-03 1.329E-03 9.129E-04 6.181E-04 4.169E-04
 8.394E-01 8.394E-01 8.393E-01 8.393E-01 8.392E-01 8.391E-01 8.390E-01 8.388E-01 8.384E-01 8.378E-01 8.368E-01 8.353E-01 8.330E-01 8.293E-01 8.235E-01 8.146E-01 8.011E-01 7.811E-01 7.526E-01 7.140E-01 6.656E-01 6.105E-01 5.541E-01 5.003E-01 4.501E-01 4.019E-01 3.538E-01 3.035E-01 2.507E-01 1.969E-01 1.461E-01 1.030E-01 7.056E-02 4.807E-02 3.278E-02 2.226E-02 1.512E-02 1.038E-02 7.272E-03 5.173E-03 3.708E-03 2.654E-03 1.882E-03 1.314E-03 9.027E-04 6.115E-04 4.127E-04
 8.314E-01 8.313E-01 8.313E-01 8.313E-01 8.312E-01 8.311E-01 8.310E-01 8.307E-01 8.303E-01 8.297E-01 8.288E-01 8.273E-01 8.249E-01 8.212E-01 8.155E-01 8.066E-01 7.931E-01 7.731E-01 7.446E-01 7.061E-01 6.578E-01 6.030E-01 5.467E-01 4.933E-01 4.435E-01 3.959E-01 3.483E-01 2.988E-01 2.467E-01 1.937E-01 1.437E-01 1.013E-01 6.942E-02 4.732E-02 3.228E-02 2.192E-02 1.489E-02 1.023E-02 7.167E-03 5.102E-03 3.658E-03 2.619E-03 1.857E-03 1.297E-03 8.913E-04 6.040E-04 4.079E-04
 8.219E-01 8.219E-01 8.219E-01 8.218E-01 8.218E-01 8.217E-01 8.215E-01 8.213E-01 8.209E-01 8.203E-01 8.193E-01 8.178E-01 8.155E-01 8.118E-01 8.060E-01 7.972E-01 7.837E-01 7.638E-01 7.354E-01 6.969E-01 6.488E-01 5.941E-01 5.382E-01 4.851E-01 4.358E-01 3.888E-01 3.420E-01 2.932E-01 2.420E-01 1.900E-01 1.409E-01 9.940E-02 6.813E-02 4.647E-02 3.171E-02 2.154E-02 1.463E-02 1.005E-02 7.047E-03 5.019E-03 3.600E-03 2.579E-03 1.829E-03 1.278E-03 8.780E-04 5.953E-04 4.024E-04
 8.106E-01 8.106E-01 8.106E-01 8.105E-01 8.105E-01 8.104E-01 8.102E-01 8.100E-01 8.096E-01 8.090E-01 8.080E-01 8.066E-01 8.042E-01 8.005E-01 7.948E-01 7.859E-01 7.725E-01 7.526E-01 7.243E-01 6.859E-01 6.380E-01 5.835E-01 5.279E-01 4.753E-01 4.267E-01 3.804E-01 3.344E-01 2.867E-01 2.365E-01 1.856E-01 1.377E-01 9.714E-02 6.663E-02 4.548E-02 3.104E-02 2.108E-02 1.432E-02 9.847E-03 6.905E-03 4.921E-03 3.532E-03 2.531E-03 1.795E-03 1.254E-03 8.624E-04 5.852E-04 3.959E-04
 7.971E-01 7.971E-01 7.971E-01 7.970E-01 7.970E-01 7.969E-01 7.967E-01 7.965E-01 7.961E-01 7.955E-01 7.946E-01 7.931E-01 7.907E-01 7.871E-01 7.813E-01 7.725E-01 7.591E-01 7.393E-01 7.110E-01 6.728E-01 6.251E-01 5.709E-01 5.157E-01 4.637E-01 4.158E-01 3.704E-01 3.255E-01 2.789E-01 2.300E-01 1.805E-01 1.339E-01 9.450E-02 6.487E-02 4.431E-02 3.025E-02 2.055E-02 1.396E-02 9.602E-03 6.738E-03 4.806E-03 3.452E-03 2.474E-03 1.755E-03 1.227E-03 8.439E-04 5.732E-04 3.882E-04
 7.812E-01 7.811E-01 7.811E-01 7.811E-01 7.810E-01 7.809E-01 7.808E-01 7.805E-01 7.802E-01 7.796E-01 7.786E-01 7.771E-01 7.748E-01 7.711E-01 7.654E-01 7.566E-01 7.433E-01 7.235E-01 6.954E-01 6.573E-01 6.098E-01 5.560E-01 5.013E-01 4.499E-01 4.029E-01 3.586E-01 3.148E-01 2.696E-01 2.223E-01 1.744E-01 1.294E-01 9.139E-02 6.280E-02 4.294E-02 2.933E-02 1.993E-02 1.354E-02 9.315E-03 6.541E-03 4.669E-03 3.356E-03 2.407E-03 1.708E-03 1.194E-03 8.221E-04 5.590E-04 3.790E-04
 7.624E-01 7.624E-01 7.623E-01 7.623E-01 7.622E-01 7.621E-01 7.620E-01 7.618E-01 7.614E-01 7.608E-01 7.599E-01 7.584E-01 7.560E-01 7.524E-01 7.467E-01 7.379E-01 7.247E-01 7.050E-01 6.769E-01 6.391E-01 5.918E-01 5.385E-01 4.843E-01 4.338E-01 3.877E-01 3.446E-01 3.023E-01 2.587E-01 2.132E-01 1.673E-01 1.241E-01 8.776E-02 6.040E-02 4.135E-02 2.826E-02 1.920E-02 1.304E-02 8.978E-03 6.310E-03 4.508E-03 3.244E-03 2.328E-03 1.652E-03 1.156E-03 7.964E-04 5.422E-04 3.682E-04
 7.404E-01 7.404E-01 7.403E-01 7.403E-01 7.402E-01 7.401E-01 7.400E-01 7.398E-01 7.394E-01 7.388E-01 7.379E-01 7.364E-01 7.341E-01 7.304E-01 7.248E-01 7.160E-01 7.028E-01 6.833E-01 6.554E-01 6.178E-01 5.708E-01 5.180E-01 4.645E-01 4.149E-01 3.700E-01 3.283E-01 2.876E-01 2.459E-01 2.026E-01 1.589E-01 1.180E-01 8.356E-02 5.761E-02 3.950E-02 2.701E-02 1.835E-02 1.247E-02 8.585E-03 6.038E-03 4.319E-03 3.111E-03 2.234E-03 1.587E-03 1.110E-03 7.660E-04 5.223E-04 3.554E-04
 7.147E-01 7.147E-01 7.146E-01 7.146E-01 7.145E-01 7.145E-01 7.143E-01 7.141E-01 7.137E-01 7.131E-01 7.122E-01 7.107E-01 7.084E-01 7.048E-01 6.992E-01 6.905E-01 6.774E-01 6.579E-01 6.302E-01 5.929E-01 5.464E-01 4.941E-01 4.415E-01 3.929E-01 3.493E-01 3.093E-01 2.706E-01 2.311E-01 1.903E-01 1.493E-01 1.110E-01 7.870E-02 5.439E-02 3.734E-02 2.555E-02 1.736E-02 1.179E-02 8.126E-03 5.720E-03 4.096E-03 2.954E-03 2.123E-03 1.509E-03 1.057E-03 7.301E-04 4.989E-04 3.402E-04
 6.850E-01 6.850E-01 6.849E-01 6.849E-01 6.848E-01 6.847E-01 6.846E-01 6.844E-01 6.840E-01 6.834E-01 6.825E-01 6.810E-01 6.788E-01 6.752E-01 6.696E-01 6.610E-01 6.479E-01 6.286E-01 6.012E-01 5.642E-01 5.182E-01 4.667E-01 4.150E-01 3.677E-01 3.257E-01 2.876E-01 2.510E-01 2.142E-01 1.762E-01 1.383E-01 1.029E-01 7.313E-02 5.065E-02 3.483E-02 2.384E-02 1.620E-02 1.101E-02 7.590E-03 5.349E-03 3.836E-03 2.770E-03 1.993E-03 1.418E-03 9.938E-04 6.878E-04 4.713E-04 3.223E-04
 6.511E-01 6.510E-01 6.510E-01 6.510E-01 6.509E-01 6.508E-01 6.507E-01 6.505E-01 6.501E-01 6.495E-01 6.486E-01 6.472E-01 6.449E-01 6.413E-01 6.358E-01 6.273E-01 6.144E-01 5.953E-01 5.681E-01 5.316E-01 4.863E-01 4.356E-01 3.851E-01 3.392E-01 2.990E-01 2.630E-01 2.290E-01 1.951E-01 1.604E-01 1.259E-01 9.374E-02 6.676E-02 4.635E-02 3.192E-02 2.186E-02 1.485E-02 1.010E-02 6.969E-03 4.919E-03 3.534E-03 2.557E-03 1.842E-03 1.311E-03 9.203E-04 6.385E-04 4.390E-04 3.013E-04
 6.131E-01 6.130E-01 6.130E-01 6.130E-01 6.129E-01 6.128E-01 6.127E-01 6.124E-01 6.121E-01 6.115E-01 6.106E-01 6.092E-01 6.069E-01 6.034E-01 5.980E-01 5.896E-01 5.768E-01 5.580E-01 5.312E-01 4.952E-01 4.506E-01 4.010E-01 3.519E-01 3.077E-01 2.696E-01 2.360E-01 2.048E-01 1.740E-01 1.428E-01 1.120E-01 8.348E-02 5.954E-02 4.142E-02 2.857E-02 1.957E-02 1.331E-02 9.058E-03 6.262E-03 4.430E-03 3.191E-03 2.313E-03 1.669E-03 1.189E-03 8.360E-04 5.818E-04 4.018E-04 2.769E-04
 5.712E-01 5.712E-01 5.712E-01 5.711E-01 5.711E-01 5.710E-01 5.708E-01 5.706E-01 5.702E-01 5.697E-01 5.688E-01 5.674E-01 5.652E-01 5.617E-01 5.564E-01 5.481E-01 5.356E-01 5.170E-01 4.907E-01 4.555E-01 4.119E-01 3.635E-01 3.159E-01 2.737E-01 2.378E-01 2.068E-01 1.786E-01 1.512E-01 1.238E-01 9.695E-02 7.219E-02 5.151E-02 3.588E-02 2.478E-02 1.700E-02 1.157E-02 7.894E-03 5.473E-03 3.885E-03 2.808E-03 2.042E-03 1.476E-03 1.053E-03 7.415E-04 5.181E-04 3.597E-04 2.493E-04
 5.257E-01 5.256E-01 5.256E-01 5.256E-01 5.255E-01 5.254E-01 5.253E-01 5.251E-01 5.247E-01 5.242E-01 5.233E-01 5.219E-01 5.198E-01 5.164E-01 5.112E-01 5.031E-01 4.908E-01 4.727E-01 4.471E-01 4.127E-01 3.703E-01 3.235E-01 2.778E-01 2.377E-01 2.044E-01 1.762E-01 1.512E-01 1.273E-01 1.038E-01 8.095E-02 6.011E-02 4.283E-02 2.985E-02 2.064E-02 1.419E-02 9.686E-03 6.632E-03 4.621E-03 3.298E-03 2.395E-03 1.747E-03 1.266E-03 9.046E-04 6.389E-04 4.486E-04 3.135E-04 2.186E-04
 4.763E-01 4.762E-01 4.762E-01 4.762E-01 4.761E-01 4.760E-01 4.759E-01 4.757E-01 4.753E-01 4.748E-01 4.740E-01 4.726E-01 4.706E-01 4.673E-01 4.622E-01 4.544E-01 4.425E-01 4.250E-01 4.002E-01 3.670E-01 3.262E-01 2.814E-01 2.380E-01 2.005E-01 1.700E-01 1.449E-01 1.231E-01 1.029E-01 8.332E-02 6.459E-02 4.769E-02 3.385E-02 2.355E-02 1.632E-02 1.126E-02 7.728E-03 5.328E-03 3.742E-03 2.691E-03 1.966E-03 1.440E-03 1.046E-03 7.494E-04 5.314E-04 3.753E-04 2.643E-04 1.856E-04
 4.227E-01 4.227E-01 4.227E-01 4.226E-01 4.226E-01 4.225E-01 4.224E-01 4.222E-01 4.218E-01 4.213E-01 4.205E-01 4.193E-01 4.173E-01 4.141E-01 4.093E-01 4.018E-01 3.905E-01 3.738E-01 3.502E-01 3.186E-01 2.800E-01 2.377E-01 1.973E-01 1.629E-01 1.356E-01 1.138E-01 9.550E-02 7.896E-02 6.332E-02 4.862E-02 3.558E-02 2.507E-02 1.740E-02 1.209E-02 8.398E-03 5.821E-03 4.061E-03 2.886E-03 2.095E-03 1.540E-03 1.133E-03 8.257E-04 5.934E-04 4.230E-04 3.011E-04 2.140E-04 1.515E-04
 3.653E-01 3.653E-01 3.652E-01 3.652E-01 3.652E-01 3.651E-01 3.650E-01 3.648E-01 3.645E-01 3.640E-01 3.632E-01 3.621E-01 3.602E-01 3.573E-01 3.528E-01 3.458E-01 3.352E-01 3.197E-01 2.977E-01 2.684E-01 2.326E-01 1.937E-01 1.570E-01 1.263E-01 1.026E-01 8.437E-02 6.962E-02 5.674E-02 4.491E-02 3.405E-02 2.461E-02 1.718E-02 1.189E-02 8.300E-03 5.837E-03 4.112E-03 2.919E-03 2.106E-03 1.545E-03 1.142E-03 8.426E-04 6.155E-04 4.444E-04 3.192E-04 2.295E-04 1.649E-04 1.180E-04
 3.048E-01 3.048E-01 3.048E-01 3.047E-01 3.047E-01 3.046E-01 3.045E-01 3.043E-01 3.041E-01 3.036E-01 3.030E-01 3.019E-01 3.002E-01 2.976E-01 2.935E-01 2.872E-01 2.777E-01 2.637E-01 2.439E-01 2.176E-01 1.856E-01 1.511E-01 1.189E-01 9.257E-02 7.284E-02 5.828E-02 4.703E-02 3.762E-02 2.929E-02 2.187E-02 1.560E-02 1.079E-02 7.461E-03 5.266E-03 3.775E-03 2.721E-03 1.975E-03 1.450E-03 1.073E-03 7.944E-04 5.856E-04 4.282E-04 3.108E-04 2.254E-04 1.641E-04 1.195E-04 8.663E-05
 2.425E-01 2.425E-01 2.424E-01 2.424E-01 2.424E-01 2.423E-01 2.422E-01 2.421E-01 2.419E-01 2.415E-01 2.409E-01 2.400E-01 2.386E-01 2.363E-01 2.328E-01 2.274E-01 2.193E-01 2.073E-01 1.904E-01 1.680E-01 1.409E-01 1.118E-01 8.500E-02 6.355E-02 4.800E-02 3.702E-02 2.900E-02 2.265E-02 1.730E-02 1.272E-02 8.965E-03 6.178E-03 4.307E-03 3.101E-03 2.282E-03 1.692E-03 1.258E-03 9.373E-04 6.963E-04 5.137E-04 3.763E-04 2.745E-04 2.000E-04 1.465E-04 1.083E-04 8.018E-05 5.907E-05
 1.797E-01 1.797E-01 1.797E-01 1.797E-01 1.796E-01 1.796E-01 1.795E-01 1.794E-01 1.792E-01 1.789E-01 1.785E-01 1.778E-01 1.766E-01 1.748E-01 1.721E-01 1.678E-01 1.614E-01 1.520E-01 1.387E-01 1.211E-01 9.984E-02 7.725E-02 5.661E-02 4.043E-02 2.904E-02 2.137E-02 1.609E-02 1.219E-02 9.109E-03 6.605E-03 4.637E-03 3.219E-03 2.289E-03 1.695E-03 1.287E-03 9.821E-04 7.463E-04 5.620E-04 4.173E-04 3.052E-04 2.210E-04 1.597E-04 1.161E-04 8.573E-05 6.434E-05 4.860E-05 3.658E-05
 1.187E-01 1.187E-01 1.187E-01 1.187E-01 1.187E-01 1.187E-01 1.186E-01 1.185E-01 1.184E-01 1.182E-01 1.179E-01 1.174E-01 1.166E-01 1.153E-01 1.134E-01 1.105E-01 1.060E-01 9.948E-02 9.028E-02 7.813E-02 6.352E-02 4.805E-02 3.406E-02 2.326E-02 1.584E-02 1.102E-02 7.904E-03 5.770E-03 4.207E-03 3.019E-03 2.129E-03 1.506E-03 1.102E-03 8.413E-04 6.571E-04 5.136E-04 3.970E-04 3.013E-04 2.234E-04 1.619E-04 1.154E-04 8.203E-05 5.905E-05 4.368E-05 3.328E-05 2.578E-05 2.001E-05
 6.478E-02 6.477E-02 6.476E-02 6.476E-02 6.474E-02 6.473E-02 6.470E-02 6.465E-02 6.458E-02 6.447E-02 6.429E-02 6.400E-02 6.356E-02 6.286E-02 6.177E-02 6.010E-02 5.759E-02 5.389E-02 4.870E-02 4.187E-02 3.367E-02 2.505E-02 1.731E-02 1.140E-02 7.413E-03 4.895E-03 3.336E-03 2.338E-03 1.662E-03 1.183E-03 8.426E-04 6.097E-04 4.582E-04 3.579E-04 2.846E-04 2.257E-04 1.763E-04 1.346E-04 9.994E-05 7.201E-05 5.068E-05 3.543E-05 2.517E-05 1.864E-05 1.451E-05 1.169E-05 9.539E-06
 2.581E-02 2.580E-02 2.580E-02 2.580E-02 2.579E-02 2.579E-02 2.577E-02 2.576E-02 2.573E-02 2.568E-02 2.561E-02 2.549E-02 2.531E-02 2.502E-02 2.458E-02 2.389E-02 2.286E-02 2.136E-02 1.924E-02 1.646E-02 1.313E-02 9.657E-03 6.561E-03 4.222E-03 2.660E-03 1.689E-03 1.105E-03 7.476E-04 5.195E-04 3.676E-04 2.637E-04 1.939E-04 1.481E-04 1.168E-04 9.344E-05 7.455E-05 5.865E-05 4.512E-05 3.376E-05 2.448E-05 1.730E-05 1.214E-05 8.707E-06 6.628E-06 5.429E-06 4.683E-06 4.131E-06
 6.204E-03 6.204E-03 6.203E-03 6.202E-03 6.201E-03 6.199E-03 6.197E-03 6.192E-03 6.185E-03 6.173E-03 6.155E-03 6.127E-03 6.082E-03 6.011E-03 5.902E-03 5.734E-03 5.482E-03 5.112E-03 4.593E-03 3.914E-03 3.105E-03 2.265E-03 1.522E-03 9.663E-04 5.981E-04 3.712E-04 2.369E-04 1.569E-04 1.074E-04 7.558E-05 5.436E-05 4.027E-05 3.097E-05 2.455E-05 1.975E-05 1.593E-05 1.275E-05 1.005E-05 7.784E-06 5.913E-06 4.447E-06 3.379E-06 2.674E-06 2.263E-06 2.048E-06 1.931E-06 1.849E-06
 6.707E-04 6.706E-04 6.706E-04 6.705E-04 6.703E-04 6.701E-04 6.698E-04 6.693E-04 6.685E-04 6.672E-04 6.652E-04 6.621E-04 6.571E-04 6.493E-04 6.373E-04 6.188E-04 5.909E-04 5.502E-04 4.932E-04 4.187E-04 3.305E-04 2.395E-04 1.598E-04 1.007E-04 6.189E-05 3.815E-05 2.426E-05 1.610E-05 1.113E-05 7.985E-06 5.909E-06 4.541E-06 3.642E-06 3.027E-06 2.576E-06 2.224E-06 1.936E-06 1.693E-06 1.488E-06 1.318E-06 1.183E-06 1.083E-06 1.016E-06 9.781E-07 9.597E-07 9.506E-07 9.438E-07
 2.089E-05 2.089E-05 2.089E-05 2.089E-05 2.088E-05 2.088E-05 2.087E-05 2.085E-05 2.083E-05 2.079E-05 2.072E-05 2.062E-05 2.047E-05 2.023E-05 1.985E-05 1.927E-05 1.841E-05 1.714E-05 1.537E-05 1.307E-05 1.035E-05 7.574E-06 5.169E-06 3.408E-06 2.262E-06 1.567E-06 1.165E-06 9.317E-07 7.912E-07 7.028E-07 6.451E-07 6.073E-07 5.827E-07 5.661E-07 5.542E-07 5.451E-07 5.377E-07 5.315E-07 5.263E-07 5.219E-07 5.183E-07 5.155E-07 5.135E-07 5.122E-07 5.114E-07 5.105E-07 5.094E-07
 3.524E-07 3.524E-07 3.524E-07 3.524E-07 3.524E-07 3.523E-07 3.523E-07 3.522E-07 3.521E-07 3.519E-07 3.517E-07 3.513E-07 3.506E-07 3.496E-07 3.480E-07 3.455E-07 3.419E-07 3.365E-07 3.291E-07 3.194E-07 3.081E-07 2.966E-07 2.868E-07 2.797E-07 2.752E-07 2.724E-07 2.709E-07 2.700E-07 2.694E-07 2.691E-07 2.689E-07 2.688E-07 2.687E-07 2.686E-07 2.686E-07 2.685E-07 2.685E-07 2.685E-07 2.684E-07 2.684E-07 2.683E-07 2.683E-07 2.682E-07 2.680E-07 2.678E-07 2.675E-07 2.669E-07
 1.320E-07 1.320E-07 1.320E-07 1.320E-07 1.320E-07 1.320E-07 1.320E-07 1.320E-07 1.320E-07 1.320E-07 1.320E-07 1.320E-07 1.320E-07 1.320E-07 1.320E-07 1.320E-07 1.320E-07 1.320E-07 1.320E-07 1.320E-07 1.320E-07 1.320E-07 1.320E-07 1.320E-07 1.320E-07 1.320E-07 1.320E-07 1.320E-07 1.320E-07 1.320E-07 1.320E-07 1.320E-07 1.320E-07 1.320E-07 1.320E-07 1.320E-07 1.320E-07 1.320E-07 1.320E-07 1.319E-07 1.319E-07 1.319E-07 1.319E-07 1.318E-07 1.317E-07 1.315E-07 1.313E-07
 5.611E-08 5.611E-08 5.611E-08 5.611E-08 5.611E-08 5.611E-08 5.611E-08 5.611E-08 5.611E-08 5.611E-08 5.611E-08 5.611E-08 5.611E-08 5.611E-08 5.611E-08 5.611E-08 5.611E-08 5.611E-08 5.611E-08 5.611E-08 5.611E-08 5.611E-08 5.611E-08 5.611E-08 5.611E-08 5.611E-08 5.611E-08 5.611E-08 5.611E-08 5.611E-08 5.611E-08 5.611E-08 5.611E-08 5.611E-08 5.611E-08 5.611E-08 5.611E-08 5.611E-08 5.610E-08 5.610E-08 5.609E-08 5.608E-08 5.606E-08 5.604E-08 5.599E-08 5.592E-08 5.581E-08
 1.732E-08 1.732E-08 1.732E-08 1.732E-08 1.732E-08 1.732E-08 1.732E-08 1.732E-08 1.732E-08 1.732E-08 1.732E-08 1.732E-08 1.732E-08 1.732E-08 1.732E-08 1.732E-08 1.732E-08 1.732E-08 1.732E-08 1.732E-08 1.732E-08 1.732E-08 1.732E-08 1.732E-08 1.732E-08 1.732E-08 1.732E-08 1.732E-08 1.732E-08 1.732E-08 1.732E-08 1.732E-08 1.732E-08 1.732E-08 1.732E-08 1.732E-08 1.732E-08 1.732E-08 1.732E-08 1.732E-08 1.731E-08 1.731E-08 1.731E-08 1.730E-08 1.728E-08 1.726E-08 1.723E-08
