b(CO,H2,H) (km/s)    =   3.00 11.22 15.87
Tex(CO,H2) (K)       =    50.00  353.55
[12C]/[13C]          =  35
[16O]/[18O]          = 557
[18O]/[17O]          =   3.6
n[N(12CO)]           =  47
n[N(H2)]             =  42
N(12CO)
 1.000E+00
 1.000E+10
 1.585E+10
 2.512E+10
 3.981E+10
 6.310E+10
 1.000E+11
 1.585E+11
 2.512E+11
 3.981E+11
 6.310E+11
 1.000E+12
 1.585E+12
 2.512E+12
 3.981E+12
 6.310E+12
 1.000E+13
 1.585E+13
 2.512E+13
 3.981E+13
 6.310E+13
 1.000E+14
 1.585E+14
 2.512E+14
 3.981E+14
 6.310E+14
 1.000E+15
 1.585E+15
 2.512E+15
 3.981E+15
 6.310E+15
 1.000E+16
 1.585E+16
 2.512E+16
 3.981E+16
 6.310E+16
 1.000E+17
 1.585E+17
 2.512E+17
 3.981E+17
 6.310E+17
 1.000E+18
 1.585E+18
 2.512E+18
 3.981E+18
 6.310E+18
 1.000E+19
N(H2)
 1.000E+00
 1.000E+15
 1.585E+15
 2.512E+15
 3.981E+15
 6.310E+15
 1.000E+16
 1.585E+16
 2.512E+16
 3.981E+16
 6.310E+16
 1.000E+17
 1.585E+17
 2.512E+17
 3.981E+17
 6.310E+17
 1.000E+18
 1.585E+18
 2.512E+18
 3.981E+18
 6.310E+18
 1.000E+19
 1.585E+19
 2.512E+19
 3.981E+19
 6.310E+19
 1.000E+20
 1.585E+20
 2.512E+20
 3.981E+20
 6.310E+20
 1.000E+21
 1.585E+21
 2.512E+21
 3.981E+21
 6.310E+21
 1.000E+22
 1.585E+22
 2.512E+22
 3.981E+22
 6.310E+22
 1.000E+23
12C16O
 1.000E+00 1.000E+00 1.000E+00 9.999E-01 9.999E-01 9.999E-01 9.998E-01 9.997E-01 9.995E-01 9.992E-01
 9.987E-01 9.979E-01 9.967E-01 9.948E-01 9.918E-01 9.872E-01 9.800E-01 9.690E-01 9.528E-01 9.295E-01
 8.977E-01 8.568E-01 8.077E-01 7.513E-01 6.862E-01 6.098E-01 5.220E-01 4.276E-01 3.339E-01 2.479E-01
 1.752E-01 1.188E-01 7.853E-02 5.141E-02 3.370E-02 2.239E-02 1.524E-02 1.062E-02 7.549E-03 5.452E-03
 3.973E-03 2.896E-03 2.090E-03 1.480E-03 1.025E-03 6.945E-04 4.651E-04
 8.646E-01 8.646E-01 8.646E-01 8.646E-01 8.645E-01 8.645E-01 8.644E-01 8.643E-01 8.641E-01 8.638E-01
 8.634E-01 8.626E-01 8.614E-01 8.596E-01 8.567E-01 8.522E-01 8.453E-01 8.348E-01 8.192E-01 7.969E-01
 7.666E-01 7.281E-01 6.827E-01 6.318E-01 5.748E-01 5.094E-01 4.359E-01 3.584E-01 2.822E-01 2.120E-01
 1.517E-01 1.039E-01 6.924E-02 4.561E-02 3.006E-02 2.008E-02 1.372E-02 9.596E-03 6.838E-03 4.956E-03
 3.632E-03 2.667E-03 1.941E-03 1.389E-03 9.719E-04 6.649E-04 4.484E-04
 8.575E-01 8.575E-01 8.575E-01 8.574E-01 8.574E-01 8.574E-01 8.573E-01 8.572E-01 8.570E-01 8.567E-01
 8.562E-01 8.555E-01 8.543E-01 8.525E-01 8.496E-01 8.451E-01 8.382E-01 8.277E-01 8.121E-01 7.899E-01
 7.596E-01 7.212E-01 6.759E-01 6.252E-01 5.685E-01 5.035E-01 4.305E-01 3.535E-01 2.781E-01 2.088E-01
 1.493E-01 1.024E-01 6.830E-02 4.505E-02 2.971E-02 1.985E-02 1.357E-02 9.485E-03 6.759E-03 4.901E-03
 3.594E-03 2.641E-03 1.923E-03 1.376E-03 9.635E-04 6.595E-04 4.449E-04
 8.491E-01 8.491E-01 8.491E-01 8.491E-01 8.490E-01 8.490E-01 8.489E-01 8.488E-01 8.486E-01 8.483E-01
 8.478E-01 8.471E-01 8.459E-01 8.441E-01 8.412E-01 8.368E-01 8.298E-01 8.194E-01 8.038E-01 7.816E-01
 7.515E-01 7.132E-01 6.681E-01 6.176E-01 5.612E-01 4.967E-01 4.243E-01 3.481E-01 2.735E-01 2.051E-01
 1.466E-01 1.005E-01 6.712E-02 4.432E-02 2.927E-02 1.956E-02 1.337E-02 9.345E-03 6.659E-03 4.832E-03
 3.547E-03 2.609E-03 1.901E-03 1.361E-03 9.531E-04 6.527E-04 4.405E-04
 8.394E-01 8.394E-01 8.394E-01 8.394E-01 8.393E-01 8.393E-01 8.392E-01 8.391E-01 8.389E-01 8.386E-01
 8.382E-01 8.374E-01 8.363E-01 8.344E-01 8.316E-01 8.271E-01 8.202E-01 8.097E-01 7.943E-01 7.721E-01
 7.420E-01 7.039E-01 6.590E-01 6.089E-01 5.530E-01 4.890E-01 4.173E-01 3.419E-01 2.683E-01 2.010E-01
 1.435E-01 9.840E-02 6.574E-02 4.346E-02 2.873E-02 1.922E-02 1.314E-02 9.181E-03 6.543E-03 4.751E-03
 3.493E-03 2.572E-03 1.876E-03 1.343E-03 9.408E-04 6.446E-04 4.354E-04
 8.283E-01 8.283E-01 8.283E-01 8.282E-01 8.282E-01 8.282E-01 8.281E-01 8.280E-01 8.278E-01 8.275E-01
 8.270E-01 8.263E-01 8.251E-01 8.233E-01 8.204E-01 8.160E-01 8.091E-01 7.987E-01 7.833E-01 7.612E-01
 7.313E-01 6.933E-01 6.487E-01 5.990E-01 5.436E-01 4.804E-01 4.096E-01 3.352E-01 2.627E-01 1.965E-01
 1.402E-01 9.607E-02 6.421E-02 4.249E-02 2.813E-02 1.884E-02 1.289E-02 9.001E-03 6.416E-03 4.663E-03
 3.433E-03 2.531E-03 1.847E-03 1.323E-03 9.270E-04 6.355E-04 4.295E-04
 8.159E-01 8.159E-01 8.159E-01 8.159E-01 8.158E-01 8.158E-01 8.157E-01 8.156E-01 8.154E-01 8.151E-01
 8.147E-01 8.139E-01 8.128E-01 8.109E-01 8.081E-01 8.037E-01 7.968E-01 7.864E-01 7.711E-01 7.491E-01
 7.193E-01 6.816E-01 6.373E-01 5.881E-01 5.334E-01 4.710E-01 4.012E-01 3.280E-01 2.566E-01 1.917E-01
 1.367E-01 9.362E-02 6.260E-02 4.147E-02 2.750E-02 1.845E-02 1.262E-02 8.818E-03 6.286E-03 4.572E-03
 3.371E-03 2.489E-03 1.817E-03 1.302E-03 9.123E-04 6.258E-04 4.233E-04
 8.029E-01 8.029E-01 8.029E-01 8.029E-01 8.029E-01 8.028E-01 8.027E-01 8.026E-01 8.024E-01 8.021E-01
 8.017E-01 8.010E-01 7.998E-01 7.980E-01 7.951E-01 7.907E-01 7.839E-01 7.736E-01 7.583E-01 7.364E-01
 7.068E-01 6.693E-01 6.254E-01 5.768E-01 5.228E-01 4.613E-01 3.926E-01 3.206E-01 2.505E-01 1.869E-01
 1.331E-01 9.116E-02 6.098E-02 4.046E-02 2.688E-02 1.806E-02 1.237E-02 8.640E-03 6.159E-03 4.483E-03
 3.309E-03 2.446E-03 1.787E-03 1.280E-03 8.973E-04 6.160E-04 4.171E-04
 7.903E-01 7.903E-01 7.903E-01 7.903E-01 7.903E-01 7.902E-01 7.902E-01 7.900E-01 7.899E-01 7.896E-01
 7.891E-01 7.884E-01 7.872E-01 7.854E-01 7.826E-01 7.782E-01 7.714E-01 7.611E-01 7.459E-01 7.241E-01
 6.947E-01 6.574E-01 6.139E-01 5.657E-01 5.124E-01 4.518E-01 3.842E-01 3.133E-01 2.445E-01 1.822E-01
 1.297E-01 8.877E-02 5.942E-02 3.948E-02 2.629E-02 1.769E-02 1.213E-02 8.469E-03 6.036E-03 4.395E-03
 3.248E-03 2.403E-03 1.756E-03 1.259E-03 8.825E-04 6.063E-04 4.110E-04
 7.789E-01 7.789E-01 7.789E-01 7.788E-01 7.788E-01 7.788E-01 7.787E-01 7.786E-01 7.784E-01 7.781E-01
 7.776E-01 7.769E-01 7.758E-01 7.740E-01 7.712E-01 7.668E-01 7.600E-01 7.497E-01 7.345E-01 7.129E-01
 6.835E-01 6.465E-01 6.033E-01 5.555E-01 5.028E-01 4.430E-01 3.762E-01 3.064E-01 2.388E-01 1.777E-01
 1.263E-01 8.647E-02 5.791E-02 3.854E-02 2.571E-02 1.733E-02 1.189E-02 8.302E-03 5.916E-03 4.310E-03
 3.188E-03 2.361E-03 1.726E-03 1.237E-03 8.680E-04 5.968E-04 4.050E-04
 7.686E-01 7.685E-01 7.685E-01 7.685E-01 7.685E-01 7.684E-01 7.684E-01 7.683E-01 7.681E-01 7.678E-01
 7.673E-01 7.666E-01 7.655E-01 7.637E-01 7.608E-01 7.565E-01 7.497E-01 7.395E-01 7.243E-01 7.027E-01
 6.735E-01 6.366E-01 5.935E-01 5.461E-01 4.939E-01 4.347E-01 3.687E-01 2.999E-01 2.334E-01 1.734E-01
 1.231E-01 8.426E-02 5.646E-02 3.762E-02 2.514E-02 1.697E-02 1.165E-02 8.133E-03 5.795E-03 4.224E-03
 3.127E-03 2.318E-03 1.696E-03 1.216E-03 8.534E-04 5.874E-04 3.991E-04
 7.590E-01 7.590E-01 7.590E-01 7.589E-01 7.589E-01 7.589E-01 7.588E-01 7.587E-01 7.585E-01 7.582E-01
 7.577E-01 7.570E-01 7.559E-01 7.541E-01 7.513E-01 7.469E-01 7.402E-01 7.299E-01 7.148E-01 6.933E-01
 6.641E-01 6.273E-01 5.845E-01 5.373E-01 4.854E-01 4.268E-01 3.615E-01 2.936E-01 2.281E-01 1.693E-01
 1.200E-01 8.210E-02 5.505E-02 3.673E-02 2.458E-02 1.661E-02 1.140E-02 7.959E-03 5.672E-03 4.137E-03
 3.066E-03 2.274E-03 1.665E-03 1.194E-03 8.386E-04 5.778E-04 3.931E-04
 7.498E-01 7.498E-01 7.498E-01 7.498E-01 7.497E-01 7.497E-01 7.496E-01 7.495E-01 7.493E-01 7.490E-01
 7.486E-01 7.479E-01 7.467E-01 7.449E-01 7.421E-01 7.378E-01 7.310E-01 7.208E-01 7.057E-01 6.842E-01
 6.551E-01 6.185E-01 5.757E-01 5.288E-01 4.773E-01 4.191E-01 3.546E-01 2.874E-01 2.229E-01 1.652E-01
 1.170E-01 7.998E-02 5.365E-02 3.583E-02 2.400E-02 1.623E-02 1.114E-02 7.779E-03 5.546E-03 4.048E-03
 3.002E-03 2.229E-03 1.632E-03 1.171E-03 8.232E-04 5.679E-04 3.870E-04
 7.409E-01 7.409E-01 7.409E-01 7.408E-01 7.408E-01 7.408E-01 7.407E-01 7.406E-01 7.404E-01 7.401E-01
 7.397E-01 7.389E-01 7.378E-01 7.360E-01 7.332E-01 7.288E-01 7.221E-01 7.119E-01 6.969E-01 6.754E-01
 6.463E-01 6.098E-01 5.672E-01 5.205E-01 4.693E-01 4.116E-01 3.476E-01 2.813E-01 2.178E-01 1.611E-01
 1.140E-01 7.787E-02 5.225E-02 3.492E-02 2.341E-02 1.583E-02 1.087E-02 7.592E-03 5.416E-03 3.956E-03
 2.937E-03 2.182E-03 1.599E-03 1.148E-03 8.073E-04 5.577E-04 3.807E-04
 7.319E-01 7.319E-01 7.318E-01 7.318E-01 7.318E-01 7.317E-01 7.317E-01 7.316E-01 7.314E-01 7.311E-01
 7.306E-01 7.299E-01 7.288E-01 7.270E-01 7.242E-01 7.198E-01 7.131E-01 7.030E-01 6.879E-01 6.665E-01
 6.375E-01 6.010E-01 5.586E-01 5.121E-01 4.612E-01 4.039E-01 3.406E-01 2.751E-01 2.126E-01 1.569E-01
 1.109E-01 7.574E-02 5.084E-02 3.400E-02 2.280E-02 1.542E-02 1.059E-02 7.400E-03 5.283E-03 3.862E-03
 2.870E-03 2.134E-03 1.565E-03 1.124E-03 7.914E-04 5.476E-04 3.744E-04
 7.224E-01 7.224E-01 7.224E-01 7.224E-01 7.224E-01 7.223E-01 7.222E-01 7.221E-01 7.219E-01 7.217E-01
 7.212E-01 7.205E-01 7.194E-01 7.176E-01 7.148E-01 7.104E-01 7.037E-01 6.936E-01 6.786E-01 6.572E-01
 6.282E-01 5.918E-01 5.496E-01 5.033E-01 4.527E-01 3.959E-01 3.333E-01 2.687E-01 2.072E-01 1.527E-01
 1.077E-01 7.358E-02 4.940E-02 3.306E-02 2.217E-02 1.500E-02 1.030E-02 7.204E-03 5.147E-03 3.767E-03
 2.802E-03 2.086E-03 1.531E-03 1.100E-03 7.755E-04 5.375E-04 3.682E-04
 7.124E-01 7.124E-01 7.124E-01 7.123E-01 7.123E-01 7.123E-01 7.122E-01 7.121E-01 7.119E-01 7.116E-01
 7.111E-01 7.104E-01 7.093E-01 7.075E-01 7.047E-01 7.004E-01 6.937E-01 6.836E-01 6.686E-01 6.472E-01
 6.184E-01 5.821E-01 5.400E-01 4.939E-01 4.437E-01 3.875E-01 3.256E-01 2.619E-01 2.015E-01 1.482E-01
 1.045E-01 7.134E-02 4.793E-02 3.208E-02 2.152E-02 1.456E-02 1.001E-02 7.006E-03 5.011E-03 3.672E-03
 2.735E-03 2.038E-03 1.497E-03 1.077E-03 7.599E-04 5.275E-04 3.621E-04
 7.016E-01 7.016E-01 7.016E-01 7.016E-01 7.015E-01 7.015E-01 7.014E-01 7.013E-01 7.011E-01 7.008E-01
 7.004E-01 6.997E-01 6.985E-01 6.968E-01 6.940E-01 6.896E-01 6.830E-01 6.729E-01 6.579E-01 6.366E-01
 6.078E-01 5.717E-01 5.297E-01 4.840E-01 4.342E-01 3.785E-01 3.174E-01 2.547E-01 1.955E-01 1.435E-01
 1.011E-01 6.903E-02 4.641E-02 3.109E-02 2.086E-02 1.412E-02 9.713E-03 6.803E-03 4.872E-03 3.576E-03
 2.667E-03 1.990E-03 1.463E-03 1.054E-03 7.441E-04 5.174E-04 3.558E-04
 6.900E-01 6.900E-01 6.900E-01 6.900E-01 6.900E-01 6.899E-01 6.899E-01 6.897E-01 6.896E-01 6.893E-01
 6.888E-01 6.881E-01 6.870E-01 6.852E-01 6.824E-01 6.781E-01 6.715E-01 6.614E-01 6.465E-01 6.252E-01
 5.965E-01 5.605E-01 5.188E-01 4.733E-01 4.240E-01 3.689E-01 3.087E-01 2.471E-01 1.892E-01 1.386E-01
 9.754E-02 6.661E-02 4.482E-02 3.005E-02 2.017E-02 1.366E-02 9.404E-03 6.593E-03 4.728E-03 3.476E-03
 2.597E-03 1.941E-03 1.428E-03 1.029E-03 7.276E-04 5.067E-04 3.491E-04
 6.775E-01 6.775E-01 6.775E-01 6.775E-01 6.775E-01 6.774E-01 6.773E-01 6.772E-01 6.770E-01 6.768E-01
 6.763E-01 6.756E-01 6.745E-01 6.727E-01 6.699E-01 6.656E-01 6.590E-01 6.489E-01 6.341E-01 6.129E-01
 5.843E-01 5.485E-01 5.070E-01 4.619E-01 4.130E-01 3.586E-01 2.993E-01 2.389E-01 1.824E-01 1.334E-01
 9.373E-02 6.402E-02 4.312E-02 2.893E-02 1.943E-02 1.317E-02 9.069E-03 6.366E-03 4.572E-03 3.368E-03
 2.522E-03 1.887E-03 1.391E-03 1.003E-03 7.099E-04 4.951E-04 3.417E-04
 6.637E-01 6.637E-01 6.637E-01 6.636E-01 6.636E-01 6.636E-01 6.635E-01 6.634E-01 6.632E-01 6.629E-01
 6.625E-01 6.618E-01 6.606E-01 6.589E-01 6.561E-01 6.518E-01 6.452E-01 6.352E-01 6.204E-01 5.993E-01
 5.709E-01 5.352E-01 4.940E-01 4.492E-01 4.009E-01 3.473E-01 2.890E-01 2.299E-01 1.749E-01 1.275E-01
 8.950E-02 6.113E-02 4.121E-02 2.767E-02 1.859E-02 1.261E-02 8.690E-03 6.108E-03 4.397E-03 3.247E-03
 2.437E-03 1.828E-03 1.349E-03 9.740E-04 6.900E-04 4.820E-04 3.332E-04
 6.481E-01 6.481E-01 6.481E-01 6.480E-01 6.480E-01 6.480E-01 6.479E-01 6.478E-01 6.476E-01 6.473E-01
 6.469E-01 6.462E-01 6.451E-01 6.433E-01 6.406E-01 6.363E-01 6.297E-01 6.197E-01 6.050E-01 5.840E-01
 5.557E-01 5.203E-01 4.794E-01 4.351E-01 3.874E-01 3.346E-01 2.774E-01 2.198E-01 1.665E-01 1.209E-01
 8.465E-02 5.778E-02 3.897E-02 2.619E-02 1.761E-02 1.195E-02 8.245E-03 5.808E-03 4.193E-03 3.107E-03
 2.339E-03 1.758E-03 1.300E-03 9.401E-04 6.670E-04 4.666E-04 3.233E-04
 6.302E-01 6.302E-01 6.302E-01 6.302E-01 6.301E-01 6.301E-01 6.300E-01 6.299E-01 6.297E-01 6.295E-01
 6.290E-01 6.283E-01 6.272E-01 6.255E-01 6.227E-01 6.185E-01 6.119E-01 6.020E-01 5.874E-01 5.665E-01
 5.384E-01 5.033E-01 4.628E-01 4.190E-01 3.720E-01 3.202E-01 2.643E-01 2.083E-01 1.569E-01 1.134E-01
 7.906E-02 5.386E-02 3.632E-02 2.442E-02 1.643E-02 1.116E-02 7.718E-03 5.453E-03 3.952E-03 2.941E-03
 2.223E-03 1.676E-03 1.242E-03 8.998E-04 6.395E-04 4.483E-04 3.112E-04
 6.095E-01 6.095E-01 6.095E-01 6.095E-01 6.094E-01 6.094E-01 6.093E-01 6.092E-01 6.090E-01 6.088E-01
 6.083E-01 6.076E-01 6.065E-01 6.048E-01 6.021E-01 5.979E-01 5.914E-01 5.816E-01 5.670E-01 5.464E-01
 5.186E-01 4.838E-01 4.437E-01 4.006E-01 3.545E-01 3.039E-01 2.495E-01 1.953E-01 1.461E-01 1.048E-01
 7.264E-02 4.930E-02 3.320E-02 2.232E-02 1.503E-02 1.023E-02 7.094E-03 5.034E-03 3.669E-03 2.745E-03
 2.085E-03 1.578E-03 1.173E-03 8.514E-04 6.064E-04 4.262E-04 2.966E-04
 5.852E-01 5.852E-01 5.852E-01 5.852E-01 5.851E-01 5.851E-01 5.850E-01 5.849E-01 5.847E-01 5.845E-01
 5.840E-01 5.833E-01 5.823E-01 5.806E-01 5.779E-01 5.737E-01 5.673E-01 5.576E-01 5.432E-01 5.229E-01
 4.954E-01 4.611E-01 4.218E-01 3.795E-01 3.344E-01 2.853E-01 2.327E-01 1.808E-01 1.340E-01 9.524E-02
 6.543E-02 4.410E-02 2.959E-02 1.989E-02 1.341E-02 9.146E-03 6.369E-03 4.547E-03 3.339E-03 2.517E-03
 1.922E-03 1.462E-03 1.090E-03 7.937E-04 5.669E-04 3.997E-04 2.790E-04
 5.563E-01 5.563E-01 5.563E-01 5.563E-01 5.563E-01 5.562E-01 5.562E-01 5.560E-01 5.559E-01 5.556E-01
 5.552E-01 5.545E-01 5.534E-01 5.518E-01 5.491E-01 5.450E-01 5.387E-01 5.292E-01 5.151E-01 4.951E-01
 4.682E-01 4.346E-01 3.962E-01 3.550E-01 3.114E-01 2.641E-01 2.138E-01 1.645E-01 1.206E-01 8.473E-02
 5.753E-02 3.839E-02 2.560E-02 1.717E-02 1.159E-02 7.928E-03 5.552E-03 3.998E-03 2.965E-03 2.256E-03
 1.736E-03 1.327E-03 9.940E-04 7.261E-04 5.203E-04 3.682E-04 2.579E-04
 5.220E-01 5.220E-01 5.220E-01 5.219E-01 5.219E-01 5.219E-01 5.218E-01 5.217E-01 5.215E-01 5.213E-01
 5.209E-01 5.202E-01 5.192E-01 5.175E-01 5.150E-01 5.110E-01 5.049E-01 4.956E-01 4.819E-01 4.624E-01
 4.363E-01 4.037E-01 3.665E-01 3.269E-01 2.851E-01 2.401E-01 1.927E-01 1.466E-01 1.061E-01 7.352E-02
 4.920E-02 3.241E-02 2.141E-02 1.430E-02 9.650E-03 6.626E-03 4.675E-03 3.404E-03 2.557E-03 1.968E-03
 1.527E-03 1.175E-03 8.848E-04 6.491E-04 4.671E-04 3.319E-04 2.335E-04
 4.814E-01 4.814E-01 4.814E-01 4.814E-01 4.814E-01 4.813E-01 4.813E-01 4.812E-01 4.810E-01 4.807E-01
 4.803E-01 4.797E-01 4.787E-01 4.772E-01 4.747E-01 4.709E-01 4.650E-01 4.561E-01 4.429E-01 4.243E-01
 3.992E-01 3.681E-01 3.326E-01 2.950E-01 2.557E-01 2.137E-01 1.697E-01 1.276E-01 9.101E-02 6.205E-02
 4.085E-02 2.650E-02 1.730E-02 1.146E-02 7.722E-03 5.321E-03 3.788E-03 2.796E-03 2.133E-03 1.663E-03
 1.304E-03 1.011E-03 7.653E-04 5.643E-04 4.081E-04 2.913E-04 2.060E-04
 4.338E-01 4.338E-01 4.338E-01 4.338E-01 4.338E-01 4.337E-01 4.337E-01 4.336E-01 4.334E-01 4.332E-01
 4.328E-01 4.322E-01 4.313E-01 4.298E-01 4.275E-01 4.239E-01 4.184E-01 4.100E-01 3.977E-01 3.801E-01
 3.567E-01 3.275E-01 2.944E-01 2.596E-01 2.234E-01 1.851E-01 1.454E-01 1.078E-01 7.574E-02 5.081E-02
 3.291E-02 2.101E-02 1.352E-02 8.866E-03 5.944E-03 4.107E-03 2.953E-03 2.213E-03 1.716E-03 1.356E-03
 1.074E-03 8.388E-04 6.393E-04 4.743E-04 3.450E-04 2.476E-04 1.760E-04
 3.779E-01 3.779E-01 3.779E-01 3.779E-01 3.779E-01 3.778E-01 3.778E-01 3.777E-01 3.775E-01 3.773E-01
 3.770E-01 3.764E-01 3.756E-01 3.743E-01 3.722E-01 3.689E-01 3.639E-01 3.562E-01 3.450E-01 3.291E-01
 3.078E-01 2.814E-01 2.516E-01 2.204E-01 1.883E-01 1.545E-01 1.200E-01 8.767E-02 6.065E-02 4.008E-02
 2.558E-02 1.610E-02 1.022E-02 6.619E-03 4.408E-03 3.050E-03 2.213E-03 1.681E-03 1.323E-03 1.059E-03
 8.462E-04 6.659E-04 5.111E-04 3.820E-04 2.796E-04 2.019E-04 1.444E-04
 3.126E-01 3.126E-01 3.126E-01 3.125E-01 3.125E-01 3.125E-01 3.125E-01 3.124E-01 3.123E-01 3.121E-01
 3.118E-01 3.113E-01 3.106E-01 3.094E-01 3.076E-01 3.048E-01 3.004E-01 2.939E-01 2.842E-01 2.705E-01
 2.522E-01 2.295E-01 2.040E-01 1.774E-01 1.503E-01 1.221E-01 9.359E-02 6.738E-02 4.590E-02 2.992E-02
 1.889E-02 1.178E-02 7.391E-03 4.734E-03 3.129E-03 2.166E-03 1.583E-03 1.216E-03 9.674E-04 7.820E-04
 6.301E-04 4.995E-04 3.862E-04 2.909E-04 2.146E-04 1.560E-04 1.124E-04
 2.390E-01 2.390E-01 2.389E-01 2.389E-01 2.389E-01 2.389E-01 2.389E-01 2.388E-01 2.387E-01 2.386E-01
 2.383E-01 2.380E-01 2.374E-01 2.364E-01 2.350E-01 2.328E-01 2.293E-01 2.241E-01 2.164E-01 2.055E-01
 1.909E-01 1.730E-01 1.528E-01 1.319E-01 1.107E-01 8.897E-02 6.726E-02 4.766E-02 3.196E-02 2.059E-02
 1.291E-02 8.019E-03 5.002E-03 3.176E-03 2.085E-03 1.443E-03 1.060E-03 8.200E-04 6.576E-04 5.361E-04
 4.353E-04 3.476E-04 2.709E-04 2.058E-04 1.532E-04 1.123E-04 8.163E-05
 1.623E-01 1.623E-01 1.623E-01 1.623E-01 1.623E-01 1.623E-01 1.623E-01 1.622E-01 1.622E-01 1.620E-01
 1.619E-01 1.616E-01 1.612E-01 1.606E-01 1.596E-01 1.580E-01 1.556E-01 1.519E-01 1.465E-01 1.389E-01
 1.287E-01 1.162E-01 1.021E-01 8.749E-02 7.282E-02 5.784E-02 4.310E-02 3.002E-02 1.982E-02 1.264E-02
 7.914E-03 4.920E-03 3.064E-03 1.934E-03 1.264E-03 8.751E-04 6.446E-04 5.001E-04 4.033E-04 3.312E-04
 2.710E-04 2.182E-04 1.715E-04 1.316E-04 9.908E-05 7.353E-05 5.423E-05
 9.213E-02 9.213E-02 9.213E-02 9.212E-02 9.212E-02 9.211E-02 9.209E-02 9.207E-02 9.203E-02 9.197E-02
 9.188E-02 9.173E-02 9.149E-02 9.113E-02 9.055E-02 8.965E-02 8.827E-02 8.618E-02 8.309E-02 7.873E-02
 7.288E-02 6.566E-02 5.753E-02 4.910E-02 4.060E-02 3.193E-02 2.348E-02 1.611E-02 1.050E-02 6.651E-03
 4.168E-03 2.603E-03 1.623E-03 1.022E-03 6.665E-04 4.616E-04 3.403E-04 2.642E-04 2.137E-04 1.766E-04
 1.457E-04 1.183E-04 9.404E-05 7.314E-05 5.596E-05 4.238E-05 3.213E-05
 3.938E-02 3.938E-02 3.938E-02 3.938E-02 3.938E-02 3.937E-02 3.937E-02 3.936E-02 3.934E-02 3.932E-02
 3.928E-02 3.921E-02 3.912E-02 3.896E-02 3.872E-02 3.835E-02 3.777E-02 3.690E-02 3.562E-02 3.379E-02
 3.134E-02 2.830E-02 2.484E-02 2.121E-02 1.749E-02 1.368E-02 9.982E-03 6.788E-03 4.396E-03 2.787E-03
 1.758E-03 1.106E-03 6.918E-04 4.357E-04 2.847E-04 1.978E-04 1.460E-04 1.133E-04 9.196E-05 7.649E-05
 6.368E-05 5.236E-05 4.231E-05 3.362E-05 2.647E-05 2.084E-05 1.662E-05
 1.075E-02 1.075E-02 1.075E-02 1.075E-02 1.075E-02 1.075E-02 1.075E-02 1.074E-02 1.074E-02 1.073E-02
 1.072E-02 1.071E-02 1.068E-02 1.065E-02 1.059E-02 1.049E-02 1.035E-02 1.013E-02 9.801E-03 9.338E-03
 8.711E-03 7.924E-03 7.012E-03 6.029E-03 4.995E-03 3.917E-03 2.863E-03 1.955E-03 1.279E-03 8.233E-04
 5.287E-04 3.373E-04 2.128E-04 1.349E-04 8.900E-05 6.257E-05 4.658E-05 3.645E-05 2.991E-05 2.525E-05
 2.144E-05 1.811E-05 1.517E-05 1.262E-05 1.053E-05 8.921E-06 7.744E-06
 1.482E-03 1.482E-03 1.481E-03 1.481E-03 1.481E-03 1.481E-03 1.481E-03 1.481E-03 1.480E-03 1.480E-03
 1.478E-03 1.477E-03 1.474E-03 1.469E-03 1.463E-03 1.452E-03 1.435E-03 1.410E-03 1.372E-03 1.317E-03
 1.243E-03 1.147E-03 1.032E-03 9.023E-04 7.591E-04 6.047E-04 4.511E-04 3.170E-04 2.151E-04 1.443E-04
 9.624E-05 6.332E-05 4.102E-05 2.682E-05 1.846E-05 1.364E-05 1.068E-05 8.789E-06 7.586E-06 6.745E-06
 6.068E-06 5.485E-06 4.971E-06 4.526E-06 4.165E-06 3.895E-06 3.707E-06
 7.654E-05 7.654E-05 7.654E-05 7.654E-05 7.654E-05 7.653E-05 7.653E-05 7.652E-05 7.650E-05 7.648E-05
 7.644E-05 7.637E-05 7.628E-05 7.612E-05 7.588E-05 7.550E-05 7.491E-05 7.401E-05 7.265E-05 7.066E-05
 6.786E-05 6.411E-05 5.933E-05 5.349E-05 4.657E-05 3.872E-05 3.059E-05 2.319E-05 1.721E-05 1.269E-05
 9.321E-06 6.820E-06 5.034E-06 3.871E-06 3.188E-06 2.794E-06 2.549E-06 2.392E-06 2.293E-06 2.224E-06
 2.170E-06 2.124E-06 2.083E-06 2.047E-06 2.017E-06 1.994E-06 1.977E-06
 2.003E-06 2.003E-06 2.003E-06 2.003E-06 2.003E-06 2.003E-06 2.003E-06 2.003E-06 2.003E-06 2.003E-06
 2.002E-06 2.002E-06 2.001E-06 2.000E-06 1.999E-06 1.996E-06 1.992E-06 1.986E-06 1.977E-06 1.963E-06
 1.943E-06 1.913E-06 1.872E-06 1.817E-06 1.746E-06 1.660E-06 1.564E-06 1.468E-06 1.380E-06 1.304E-06
 1.239E-06 1.186E-06 1.145E-06 1.119E-06 1.103E-06 1.094E-06 1.088E-06 1.085E-06 1.083E-06 1.081E-06
 1.080E-06 1.078E-06 1.077E-06 1.076E-06 1.074E-06 1.072E-06 1.070E-06
 5.378E-07 5.378E-07 5.378E-07 5.378E-07 5.378E-07 5.378E-07 5.378E-07 5.378E-07 5.378E-07 5.378E-07
 5.378E-07 5.378E-07 5.378E-07 5.378E-07 5.378E-07 5.378E-07 5.378E-07 5.378E-07 5.378E-07 5.378E-07
 5.377E-07 5.377E-07 5.377E-07 5.376E-07 5.375E-07 5.374E-07 5.373E-07 5.372E-07 5.370E-07 5.368E-07
 5.366E-07 5.365E-07 5.364E-07 5.363E-07 5.362E-07 5.362E-07 5.362E-07 5.361E-07 5.361E-07 5.361E-07
 5.360E-07 5.359E-07 5.357E-07 5.355E-07 5.351E-07 5.344E-07 5.335E-07
 2.322E-07 2.322E-07 2.322E-07 2.322E-07 2.322E-07 2.322E-07 2.322E-07 2.322E-07 2.322E-07 2.322E-07
 2.322E-07 2.322E-07 2.322E-07 2.322E-07 2.322E-07 2.322E-07 2.322E-07 2.322E-07 2.322E-07 2.322E-07
 2.322E-07 2.322E-07 2.322E-07 2.322E-07 2.322E-07 2.322E-07 2.322E-07 2.322E-07 2.322E-07 2.322E-07
 2.322E-07 2.322E-07 2.322E-07 2.322E-07 2.322E-07 2.322E-07 2.322E-07 2.322E-07 2.321E-07 2.321E-07
 2.321E-07 2.321E-07 2.320E-07 2.319E-07 2.317E-07 2.315E-07 2.311E-07
 8.417E-08 8.417E-08 8.417E-08 8.417E-08 8.417E-08 8.417E-08 8.417E-08 8.417E-08 8.417E-08 8.417E-08
 8.417E-08 8.417E-08 8.417E-08 8.417E-08 8.417E-08 8.417E-08 8.417E-08 8.417E-08 8.417E-08 8.417E-08
 8.417E-08 8.417E-08 8.417E-08 8.417E-08 8.417E-08 8.417E-08 8.417E-08 8.417E-08 8.417E-08 8.417E-08
 8.417E-08 8.417E-08 8.417E-08 8.417E-08 8.417E-08 8.417E-08 8.417E-08 8.416E-08 8.416E-08 8.415E-08
 8.414E-08 8.413E-08 8.411E-08 8.407E-08 8.401E-08 8.392E-08 8.378E-08
